市場コード,魚種コード,出荷形態コード,漁業種コード,トン数階層コード,県内県外区分,年月日,日別水揚量(キロ),日別水揚金額(円),水場隻数,日別高値(円),日別安値(円),平均単価(円),市場魚種コード,市場漁業種コード
閖上,マコガレイ,生鮮,小型底曳網・桁あみ,動力船３トン以上５トン未満,0,2017/11/13,22.6,6651,11,360,250,294.3,0005331,0052
閖上,アカシタビラメ,生鮮,小型底曳網・桁あみ,動力船３トン以上５トン未満,0,2017/11/10,7.2,1088,3,260,100,151.1,0005392,0052
閖上,アカガイ,生鮮,小型底曳網・桁あみ,動力船３トン以上５トン未満,0,2017/11/10,55.1,142898,7,3599,1329,2593.4,0005803,0052
閖上,アカガイ,生鮮,小型底曳網・桁あみ,動力船３トン以上５トン未満,0,2017/11/10,37.6,104597,7,3069,2601,2781.8,0005804,0052
閖上,アカガイ,生鮮,小型底曳網・桁あみ,動力船３トン以上５トン未満,0,2017/11/10,174.6,159767,7,1420,700,915,0005805,0052
閖上,アカガイ,生鮮,小型底曳網・桁あみ,動力船３トン以上５トン未満,0,2017/11/10,31.2,19548,7,680,620,626.5,0005806,0052
閖上,ホッキガイ,生鮮,小型底曳網・桁あみ,動力船３トン以上５トン未満,0,2017/11/10,96,30850,2,350,300,321.4,0005827,0051
閖上,ガザミ,生鮮,小型底曳網・桁あみ,動力船３トン以上５トン未満,0,2017/11/10,79.3,19671,4,258,221,248.1,0006046,0052
閖上,コチ,生鮮,小型底曳網・桁あみ,動力船３トン以上５トン未満,0,2017/11/10,4.3,1559,3,400,330,362.6,0006088,0052
閖上,ひらめ,生鮮,小型底曳網・桁あみ,動力船３トン以上５トン未満,0,2017/11/10,3.2,1632,1,510,510,510,0006224,0052
閖上,アカシタビラメ,生鮮,小型底曳網・桁あみ,動力船３トン以上５トン未満,0,2017/11/13,56.6,10680,14,200,131,188.7,0005392,0052
閖上,シャコ,生鮮,小型底曳網・桁あみ,動力船３トン以上５トン未満,0,2017/11/13,0.5,275,1,550,550,550,0005701,0052
閖上,アカガイ,生鮮,小型底曳網・桁あみ,動力船３トン以上５トン未満,0,2017/11/13,152.5,493880,18,3600,1477,3238.6,0005803,0052
閖上,アカガイ,生鮮,小型底曳網・桁あみ,動力船３トン以上５トン未満,0,2017/11/13,109.7,299647,18,3121,2600,2731.5,0005804,0052
閖上,アカガイ,生鮮,小型底曳網・桁あみ,動力船３トン以上５トン未満,0,2017/11/13,510.4,487907,18,1460,650,955.9,0005805,0052
閖上,アカガイ,生鮮,小型底曳網・桁あみ,動力船３トン以上５トン未満,0,2017/11/13,52.2,23986,15,619,131,459.5,0005806,0052
閖上,その他の巻き貝,生鮮,小型底曳網・桁あみ,動力船３トン以上５トン未満,0,2017/11/13,1.7,697,2,490,320,410,0005815,0052
閖上,ホッキガイ,生鮮,小型底曳網・桁あみ,動力船３トン以上５トン未満,0,2017/11/13,64,19200,1,300,300,300,0005827,0051
閖上,カタクチイワシ,生鮮,船曳網・その他,動力船１０００トン以上,0,2017/11/13,55,33000,1,600,600,600,0005974,0005
閖上,ガザミ,生鮮,小型底曳網・桁あみ,動力船３トン以上５トン未満,0,2017/11/13,832.1,256229,21,350,246,307.9,0006046,0052
閖上,ヒラツメガニ,生鮮,船曳網・その他,動力船１０００トン以上,0,2017/11/13,35,5250,1,150,150,150,0006052,0005
閖上,コチ,生鮮,小型底曳網・桁あみ,動力船３トン以上５トン未満,0,2017/11/13,77.6,27808,17,500,200,358.4,0006088,0052
閖上,ひらめ,生鮮,小型底曳網・桁あみ,動力船３トン以上５トン未満,0,2017/11/13,56.4,26865,15,700,200,476.3,0006224,0052
閖上,その他のさかな,生鮮,小型底曳網・桁あみ,動力船３トン以上５トン未満,0,2017/11/13,5.1,1200,3,300,200,235.3,0006399,0052
閖上,イシガレイ,生鮮,小型底曳網・桁あみ,動力船３トン以上５トン未満,0,2017/11/24,1.3,390,1,300,300,300,0005306,0052
閖上,マコガレイ,生鮮,小型底曳網・桁あみ,動力船３トン以上５トン未満,0,2017/11/24,13,4082,6,510,110,314,0005331,0052
閖上,アカシタビラメ,生鮮,小型底曳網・桁あみ,動力船３トン以上５トン未満,0,2017/11/24,12.2,1786,5,150,141,146.4,0005392,0052
閖上,シャコ,生鮮,小型底曳網・桁あみ,動力船３トン以上５トン未満,0,2017/11/24,0.6,100,2,200,150,166.7,0005701,0052
閖上,アカガイ,生鮮,小型底曳網・桁あみ,動力船３トン以上５トン未満,0,2017/11/24,49,157373,9,3700,2000,3211.7,0005803,0052
閖上,アカガイ,生鮮,小型底曳網・桁あみ,動力船３トン以上５トン未満,0,2017/11/24,48,132672,9,3200,2661,2764,0005804,0052
閖上,アカガイ,生鮮,小型底曳網・桁あみ,動力船３トン以上５トン未満,0,2017/11/24,261.8,244876,10,1660,600,935.4,0005805,0052
閖上,アカガイ,生鮮,小型底曳網・桁あみ,動力船３トン以上５トン未満,0,2017/11/24,22.2,12990,9,660,500,585.1,0005806,0052
閖上,その他の巻き貝,生鮮,小型底曳網・桁あみ,動力船３トン以上５トン未満,0,2017/11/24,1.2,372,2,310,310,310,0005815,0052
閖上,ガザミ,生鮮,小型底曳網・桁あみ,動力船３トン以上５トン未満,0,2017/11/24,349.8,108098,10,350,236,309,0006046,0052
閖上,コチ,生鮮,小型底曳網・桁あみ,動力船３トン以上５トン未満,0,2017/11/24,15.1,5541,5,450,251,367,0006088,0052
閖上,ひらめ,生鮮,小型底曳網・桁あみ,動力船３トン以上５トン未満,0,2017/11/24,35.6,14600,8,550,200,410.1,0006224,0052
閖上,クサフグ,生鮮,小型底曳網・桁あみ,動力船３トン以上５トン未満,0,2017/11/24,4.3,430,3,100,100,100,0006232,0052
閖上,マコガレイ,生鮮,小型底曳網・桁あみ,動力船３トン以上５トン未満,0,2017/11/16,3.8,720,2,200,100,189.5,0005331,0052
閖上,アカシタビラメ,生鮮,小型底曳網・桁あみ,動力船３トン以上５トン未満,0,2017/11/16,20.3,3743,8,200,131,184.4,0005392,0052
閖上,すずき,生鮮,小型底曳網・桁あみ,動力船３トン以上５トン未満,0,2017/11/16,3.8,950,1,250,250,250,0005401,0052
閖上,マダコ,生鮮,小型底曳網・桁あみ,動力船３トン以上５トン未満,0,2017/11/16,2.5,1500,1,600,600,600,0005502,0052
閖上,アカガイ,生鮮,小型底曳網・桁あみ,動力船３トン以上５トン未満,0,2017/11/16,58.7,186586,9,3611,2200,3178.6,0005803,0052
閖上,アカガイ,生鮮,小型底曳網・桁あみ,動力船３トン以上５トン未満,0,2017/11/16,48.4,117510,9,3139,1866,2427.9,0005804,0052
閖上,アカガイ,生鮮,小型底曳網・桁あみ,動力船３トン以上５トン未満,0,2017/11/16,229.2,188784,9,1400,600,823.7,0005805,0052
閖上,アカガイ,生鮮,小型底曳網・桁あみ,動力船３トン以上５トン未満,0,2017/11/16,29.4,11332,8,400,380,385.4,0005806,0052
閖上,ガザミ,生鮮,小型底曳網・桁あみ,動力船３トン以上５トン未満,0,2017/11/16,315.7,100440,11,350,260,318.2,0006046,0052
閖上,コチ,生鮮,小型底曳網・桁あみ,動力船３トン以上５トン未満,0,2017/11/16,32.4,11146,9,500,221,344,0006088,0052
閖上,ひらめ,生鮮,小型底曳網・桁あみ,動力船３トン以上５トン未満,0,2017/11/16,43,22390,7,1000,300,520.7,0006224,0052
閖上,その他のさかな,生鮮,小型底曳網・桁あみ,動力船３トン以上５トン未満,0,2017/11/16,7.4,1040,4,200,100,140.5,0006399,0052
閖上,マコガレイ,生鮮,小型底曳網・桁あみ,動力船３トン以上５トン未満,0,2017/11/15,4.1,1025,1,250,250,250,0005331,0052
閖上,アカシタビラメ,生鮮,小型底曳網・桁あみ,動力船３トン以上５トン未満,0,2017/11/15,3.7,555,3,150,150,150,0005392,0052
閖上,シャコ,生鮮,小型底曳網・桁あみ,動力船３トン以上５トン未満,0,2017/11/15,0.4,124,1,310,310,310,0005701,0052
閖上,アカガイ,生鮮,小型底曳網・桁あみ,動力船３トン以上５トン未満,0,2017/11/15,69.3,225386,9,3600,2100,3252.3,0005803,0052
閖上,アカガイ,生鮮,小型底曳網・桁あみ,動力船３トン以上５トン未満,0,2017/11/15,50.7,128784,9,3081,2221,2540.1,0005804,0052
閖上,アカガイ,生鮮,小型底曳網・桁あみ,動力船３トン以上５トン未満,0,2017/11/15,220.5,199458,9,1400,600,904.6,0005805,0052
閖上,アカガイ,生鮮,小型底曳網・桁あみ,動力船３トン以上５トン未満,0,2017/11/15,30.5,12342,8,450,380,404.7,0005806,0052
閖上,その他の巻き貝,生鮮,小型底曳網・桁あみ,動力船３トン以上５トン未満,0,2017/11/15,0.8,312,1,390,390,390,0005815,0052
閖上,ガザミ,生鮮,小型底曳網・桁あみ,動力船３トン以上５トン未満,0,2017/11/15,125.4,37801,6,349,276,301.4,0006046,0052
閖上,コチ,生鮮,小型底曳網・桁あみ,動力船３トン以上５トン未満,0,2017/11/15,15.9,4245,5,300,220,267,0006088,0052
閖上,ひらめ,生鮮,小型底曳網・桁あみ,動力船３トン以上５トン未満,0,2017/11/15,14,5860,3,500,400,418.6,0006224,0052
閖上,イシガレイ,生鮮,刺網全漁法,動力船３トン以上５トン未満,0,2017/07/27,9.4,3760,1,400,400,400,0005306,0008
閖上,マガレイ,生鮮,刺網全漁法,動力船３トン以上５トン未満,0,2017/07/27,2.5,625,1,250,250,250,0005329,0008
閖上,マコガレイ,活魚,刺網全漁法,動力船３トン以上５トン未満,0,2017/07/27,12.4,33480,1,2700,2700,2700,0005331,0008
閖上,マアジ,生鮮,刺網全漁法,動力船３トン以上５トン未満,0,2017/07/27,2.1,1050,1,500,500,500,0005919,0008
閖上,ガザミ,生鮮,刺網全漁法,動力船３トン以上５トン未満,0,2017/07/27,26,13000,1,500,500,500,0006046,0008
閖上,ヒラツメガニ,生鮮,刺網全漁法,動力船３トン以上５トン未満,0,2017/07/27,2,800,1,400,400,400,0006052,0008
閖上,コチ,生鮮,刺網全漁法,動力船３トン以上５トン未満,0,2017/07/27,0.8,320,1,400,400,400,0006088,0008
閖上,マダイ,生鮮,刺網全漁法,動力船３トン以上５トン未満,0,2017/07/27,113.1,79170,1,700,700,700,0006160,0008
閖上,ひらめ,活魚,刺網全漁法,動力船３トン以上５トン未満,0,2017/07/27,109.8,120780,1,1100,1100,1100,0006224,0008
閖上,ホウボウ,生鮮,刺網全漁法,動力船３トン以上５トン未満,0,2017/07/27,2.8,420,1,150,150,150,0006246,0008
閖上,ガザミ,生鮮,せん漁業,動力船３トン以上５トン未満,0,2017/08/23,109,62875,1,800,250,576.8,0006046,0074
閖上,イシガレイ,生鮮,刺網全漁法,動力船３トン以上５トン未満,0,2017/07/24,8.3,3320,1,400,400,400,0005306,0008
閖上,マガレイ,生鮮,刺網全漁法,動力船３トン以上５トン未満,0,2017/07/24,3.3,825,1,250,250,250,0005329,0008
閖上,マコガレイ,活魚,刺網全漁法,動力船３トン以上５トン未満,0,2017/07/24,6.2,16120,1,2600,2600,2600,0005331,0008
閖上,メイタガレイ,生鮮,刺網全漁法,動力船３トン以上５トン未満,0,2017/07/24,1.1,550,1,500,500,500,0005359,0008
閖上,ガザミ,活魚,刺網全漁法,動力船３トン以上５トン未満,0,2017/07/24,18.5,18500,1,1000,1000,1000,0006046,0008
閖上,ガザミ,生鮮,刺網全漁法,動力船３トン以上５トン未満,0,2017/07/24,85.2,44480,2,600,400,522.1,0006046,0008
閖上,ヒラツメガニ,生鮮,刺網全漁法,動力船３トン以上５トン未満,0,2017/07/24,6.5,2600,2,400,400,400,0006052,0008
閖上,ひらめ,活魚,刺網全漁法,動力船３トン以上５トン未満,0,2017/07/24,69.5,69500,1,1000,1000,1000,0006224,0008
閖上,ホウボウ,生鮮,刺網全漁法,動力船３トン以上５トン未満,0,2017/07/24,2.8,1120,1,400,400,400,0006246,0008
閖上,ガザミ,生鮮,せん漁業,動力船３トン以上５トン未満,0,2017/08/21,77.5,48000,1,850,300,619.4,0006046,0074
閖上,ガザミ,生鮮,せん漁業,動力船３トン以上５トン未満,0,2017/08/28,482,243950,4,800,200,506.1,0006046,0074
閖上,ガザミ,活魚,せん漁業,動力船３トン以上５トン未満,0,2017/08/03,105.5,69700,1,1000,300,660.7,0006046,0074
閖上,ガザミ,生鮮,せん漁業,動力船３トン以上５トン未満,0,2017/08/03,77,46200,1,600,600,600,0006046,0074
閖上,ガザミ,生鮮,せん漁業,動力船３トン以上５トン未満,0,2017/08/07,87,51025,1,850,300,586.5,0006046,0074
閖上,イシガレイ,活魚,せん漁業,動力船３トン以上５トン未満,0,2017/08/08,26.5,11910,2,500,400,449.4,0005306,0074
閖上,マコガレイ,活魚,せん漁業,動力船３トン以上５トン未満,0,2017/08/08,5,16500,1,3300,3300,3300,0005331,0074
閖上,すずき,生鮮,せん漁業,動力船３トン以上５トン未満,0,2017/08/08,2.2,2200,1,1000,1000,1000,0005401,0074
閖上,アイナメ,活魚,せん漁業,動力船３トン以上５トン未満,0,2017/08/08,1.2,960,1,800,800,800,0005902,0074
閖上,ガザミ,生鮮,せん漁業,動力船３トン以上５トン未満,0,2017/08/08,125.3,68980,3,600,500,550.5,0006046,0074
閖上,コチ,生鮮,せん漁業,動力船３トン以上５トン未満,0,2017/08/08,3,1200,1,400,400,400,0006088,0074
閖上,マダイ,活魚,せん漁業,動力船３トン以上５トン未満,0,2017/08/08,19.7,21670,2,1100,1100,1100,0006160,0074
閖上,マダイ,生鮮,せん漁業,動力船３トン以上５トン未満,0,2017/08/08,26.5,18550,2,700,700,700,0006160,0074
閖上,ひらめ,活魚,せん漁業,動力船３トン以上５トン未満,0,2017/08/08,113.1,147030,2,1300,1300,1300,0006224,0074
閖上,ホウボウ,生鮮,せん漁業,動力船３トン以上５トン未満,0,2017/08/08,2,300,1,150,150,150,0006246,0074
閖上,ホシガレイ,生鮮,小型底曳網・桁あみ,動力船３トン以上５トン未満,0,2017/10/30,0.8,1040,1,1300,1300,1300,0005324,0052
閖上,マコガレイ,生鮮,小型底曳網・桁あみ,動力船３トン以上５トン未満,0,2017/10/30,1.2,360,1,300,300,300,0005331,0052
閖上,アカシタビラメ,生鮮,小型底曳網・桁あみ,動力船３トン以上５トン未満,0,2017/10/30,7.2,1800,2,250,250,250,0005392,0052
閖上,アカガイ,生鮮,小型底曳網・桁あみ,動力船３トン以上５トン未満,0,2017/10/30,31,95790,3,3500,2200,3090,0005803,0052
閖上,アカガイ,生鮮,小型底曳網・桁あみ,動力船３トン以上５トン未満,0,2017/10/30,12.3,32970,3,2700,2500,2680.5,0005804,0052
閖上,アカガイ,生鮮,小型底曳網・桁あみ,動力船３トン以上５トン未満,0,2017/10/30,15.7,21630,2,1700,900,1377.7,0005805,0052
閖上,その他の巻き貝,生鮮,小型底曳網・桁あみ,動力船３トン以上５トン未満,0,2017/10/30,2,800,1,400,400,400,0005815,0052
閖上,ホッキガイ,生鮮,小型底曳網・桁あみ,動力船３トン以上５トン未満,0,2017/10/30,260,110634,1,570,330,425.5,0005827,0051
閖上,ガザミ,生鮮,小型底曳網・桁あみ,動力船３トン以上５トン未満,0,2017/10/30,136,42420,5,330,300,311.9,0006046,0052
閖上,コチ,生鮮,小型底曳網・桁あみ,動力船３トン以上５トン未満,0,2017/10/30,8,3200,3,500,300,400,0006088,0052
閖上,ひらめ,生鮮,小型底曳網・桁あみ,動力船３トン以上５トン未満,0,2017/10/30,5.2,3760,3,800,600,723.1,0006224,0052
閖上,アカシタビラメ,生鮮,小型底曳網・桁あみ,動力船３トン以上５トン未満,0,2017/11/01,10.5,1720,6,180,161,163.8,0005392,0052
閖上,アカガイ,生鮮,小型底曳網・桁あみ,動力船３トン以上５トン未満,0,2017/11/01,64.3,233349,10,4150,2500,3629.1,0005803,0052
閖上,アカガイ,生鮮,小型底曳網・桁あみ,動力船３トン以上５トン未満,0,2017/11/01,49.6,156058,10,3850,2600,3146.3,0005804,0052
閖上,アカガイ,生鮮,小型底曳網・桁あみ,動力船３トン以上５トン未満,0,2017/11/01,273.8,319773,10,2033,800,1167.9,0005805,0052
閖上,アカガイ,生鮮,小型底曳網・桁あみ,動力船３トン以上５トン未満,0,2017/11/01,25.9,22292,8,899,700,860.7,0005806,0052
閖上,その他の巻き貝,生鮮,小型底曳網・桁あみ,動力船３トン以上５トン未満,0,2017/11/01,1.5,750,1,500,500,500,0005815,0052
閖上,カタクチイワシ,生鮮,船曳網・その他,動力船１０００トン以上,0,2017/11/01,8,4800,1,600,600,600,0005974,0005
閖上,ガザミ,生鮮,小型底曳網・桁あみ,動力船３トン以上５トン未満,0,2017/11/01,230.5,63524,8,330,210,275.6,0006046,0052
閖上,コチ,生鮮,小型底曳網・桁あみ,動力船３トン以上５トン未満,0,2017/11/01,17.8,3514,6,220,161,197.4,0006088,0052
閖上,ひらめ,生鮮,小型底曳網・桁あみ,動力船３トン以上５トン未満,0,2017/11/01,21.2,12390,5,610,480,584.4,0006224,0052
閖上,アカガイ,生鮮,小型底曳網・桁あみ,動力船３トン以上５トン未満,0,2017/10/20,43.1,123980,3,3700,1400,2876.6,0005803,0052
閖上,アカガイ,生鮮,小型底曳網・桁あみ,動力船３トン以上５トン未満,0,2017/10/20,27.8,75060,3,2700,2700,2700,0005804,0052
閖上,アカガイ,生鮮,小型底曳網・桁あみ,動力船３トン以上５トン未満,0,2017/10/20,43.1,59980,3,1800,1000,1391.6,0005805,0052
閖上,その他の巻き貝,生鮮,小型底曳網・桁あみ,動力船３トン以上５トン未満,0,2017/10/20,3.8,1520,1,400,400,400,0005815,0052
閖上,ガザミ,生鮮,小型底曳網・桁あみ,動力船３トン以上５トン未満,0,2017/10/20,104.5,26125,3,250,250,250,0006046,0052
閖上,コチ,生鮮,小型底曳網・桁あみ,動力船３トン以上５トン未満,0,2017/10/20,2,600,1,300,300,300,0006088,0052
閖上,ひらめ,生鮮,小型底曳網・桁あみ,動力船３トン以上５トン未満,0,2017/10/20,25.2,17640,4,700,700,700,0006224,0052
閖上,マコガレイ,生鮮,小型底曳網・桁あみ,動力船３トン以上５トン未満,0,2017/10/19,1.8,360,1,200,200,200,0005331,0052
閖上,アカシタビラメ,生鮮,小型底曳網・桁あみ,動力船３トン以上５トン未満,0,2017/10/19,10.3,2195,5,250,180,213.1,0005392,0052
閖上,アカガイ,生鮮,小型底曳網・桁あみ,動力船３トン以上５トン未満,0,2017/10/19,90,254978,8,3900,1300,2833.1,0005803,0052
閖上,アカガイ,生鮮,小型底曳網・桁あみ,動力船３トン以上５トン未満,0,2017/10/19,50.6,144591,8,3231,2689,2857.5,0005804,0052
閖上,アカガイ,生鮮,小型底曳網・桁あみ,動力船３トン以上５トン未満,0,2017/10/19,146.4,211402,8,1900,931,1444,0005805,0052
閖上,アカガイ,生鮮,小型底曳網・桁あみ,動力船３トン以上５トン未満,0,2017/10/19,20.5,11830,6,689,500,577.1,0005806,0052
閖上,カタクチイワシ,生鮮,船曳網・その他,動力船３トン以上５トン未満,0,2017/10/19,64,18800,2,500,200,293.8,0005974,0005
閖上,ガザミ,生鮮,小型底曳網・桁あみ,動力船３トン以上５トン未満,0,2017/10/19,212.8,53994,8,300,220,253.7,0006046,0052
閖上,コチ,生鮮,小型底曳網・桁あみ,動力船３トン以上５トン未満,0,2017/10/19,34.9,14410,7,600,250,412.9,0006088,0052
閖上,ひらめ,生鮮,小型底曳網・桁あみ,動力船３トン以上５トン未満,0,2017/10/19,31,18600,5,600,600,600,0006224,0052
閖上,マコガレイ,生鮮,小型底曳網・桁あみ,動力船３トン以上５トン未満,0,2017/10/18,7.3,880,3,200,100,120.5,0005331,0052
閖上,アカシタビラメ,生鮮,小型底曳網・桁あみ,動力船３トン以上５トン未満,0,2017/10/18,9,2145,3,250,180,238.3,0005392,0052
閖上,アカガイ,生鮮,小型底曳網・桁あみ,動力船３トン以上５トン未満,0,2017/10/18,97.8,285482,8,3936,1300,2919,0005803,0052
閖上,アカガイ,生鮮,小型底曳網・桁あみ,動力船３トン以上５トン未満,0,2017/10/18,58.9,170576,8,3377,2600,2896,0005804,0052
閖上,アカガイ,生鮮,小型底曳網・桁あみ,動力船３トン以上５トン未満,0,2017/10/18,168.1,243234,8,2040,900,1447,0005805,0052
閖上,アカガイ,生鮮,小型底曳網・桁あみ,動力船３トン以上５トン未満,0,2017/10/18,19.4,11245,6,650,500,579.6,0005806,0052
閖上,その他の巻き貝,生鮮,小型底曳網・桁あみ,動力船３トン以上５トン未満,0,2017/10/18,7,3500,2,500,500,500,0005815,0052
閖上,ガザミ,生鮮,小型底曳網・桁あみ,動力船３トン以上５トン未満,0,2017/10/18,270.8,68242,8,310,200,252,0006046,0052
閖上,コチ,生鮮,小型底曳網・桁あみ,動力船３トン以上５トン未満,0,2017/10/18,34.6,13818,4,450,330,399.4,0006088,0052
閖上,ひらめ,生鮮,小型底曳網・桁あみ,動力船３トン以上５トン未満,0,2017/10/18,15.5,9490,4,800,500,612.3,0006224,0052
閖上,ヌマガレイ(カワガレイ),生鮮,小型底曳網・桁あみ,動力船３トン以上５トン未満,0,2017/10/31,1.4,125,1,89,89,89.3,0005314,0052
閖上,マコガレイ,生鮮,小型底曳網・桁あみ,動力船３トン以上５トン未満,0,2017/10/31,0.7,272,1,389,389,388.6,0005331,0052
閖上,アカシタビラメ,生鮮,小型底曳網・桁あみ,動力船３トン以上５トン未満,0,2017/10/31,17.1,3905,7,250,169,228.4,0005392,0052
閖上,マダコ,生鮮,小型底曳網・桁あみ,動力船３トン以上５トン未満,0,2017/10/31,2,1400,1,700,700,700,0005502,0052
閖上,アカガイ,生鮮,小型底曳網・桁あみ,動力船３トン以上５トン未満,0,2017/10/31,26.5,100153,7,3991,2339,3779.4,0005803,0052
閖上,アカガイ,生鮮,小型底曳網・桁あみ,動力船３トン以上５トン未満,0,2017/10/31,47.2,127387,7,3521,1820,2698.9,0005804,0052
閖上,アカガイ,生鮮,小型底曳網・桁あみ,動力船３トン以上５トン未満,0,2017/10/31,188.2,228444,7,2061,856,1213.8,0005805,0052
閖上,アカガイ,生鮮,小型底曳網・桁あみ,動力船３トン以上５トン未満,0,2017/10/31,16.2,13300,7,960,789,821,0005806,0052
閖上,ガザミ,生鮮,小型底曳網・桁あみ,動力船３トン以上５トン未満,0,2017/10/31,234.5,77783,7,350,310,331.7,0006046,0052
閖上,コチ,生鮮,小型底曳網・桁あみ,動力船３トン以上５トン未満,0,2017/10/31,22.3,7543,7,450,219,338.3,0006088,0052
閖上,マコガレイ,生鮮,小型底曳網・桁あみ,動力船３トン以上５トン未満,0,2017/10/27,1.6,480,1,300,300,300,0005331,0052
閖上,アカシタビラメ,生鮮,小型底曳網・桁あみ,動力船３トン以上５トン未満,0,2017/10/27,9.3,2108,4,250,180,226.7,0005392,0052
閖上,マダコ,生鮮,小型底曳網・桁あみ,動力船３トン以上５トン未満,0,2017/10/27,1,700,1,700,700,700,0005502,0052
閖上,アカガイ,生鮮,小型底曳網・桁あみ,動力船３トン以上５トン未満,0,2017/10/27,42.1,126149,7,3581,1500,2996.4,0005803,0052
閖上,アカガイ,生鮮,小型底曳網・桁あみ,動力船３トン以上５トン未満,0,2017/10/27,59.4,167074,7,3141,2600,2812.7,0005804,0052
閖上,アカガイ,生鮮,小型底曳網・桁あみ,動力船３トン以上５トン未満,0,2017/10/27,145,180439,7,1800,851,1244.4,0005805,0052
閖上,アカガイ,生鮮,小型底曳網・桁あみ,動力船３トン以上５トン未満,0,2017/10/27,12.5,7077,5,650,430,566.2,0005806,0052
閖上,カタクチイワシ,生鮮,船曳網・その他,動力船１０００トン以上,0,2017/10/27,271.4,58325,1,890,186,214.9,0005974,0005
閖上,ガザミ,生鮮,小型底曳網・桁あみ,動力船３トン以上５トン未満,0,2017/10/27,180.1,51553,7,330,260,286.2,0006046,0052
閖上,コチ,生鮮,小型底曳網・桁あみ,動力船３トン以上５トン未満,0,2017/10/27,16.1,5250,6,500,250,326.1,0006088,0052
閖上,ひらめ,生鮮,小型底曳網・桁あみ,動力船３トン以上５トン未満,0,2017/10/27,13.9,8225,5,600,550,591.7,0006224,0052
閖上,イシガレイ,生鮮,刺網全漁法,動力船３トン以上５トン未満,0,2017/07/19,6.4,2560,1,400,400,400,0005306,0008
閖上,ホシガレイ,活魚,刺網全漁法,動力船３トン以上５トン未満,0,2017/07/19,1.4,4200,1,3000,3000,3000,0005324,0008
閖上,マガレイ,生鮮,刺網全漁法,動力船３トン以上５トン未満,0,2017/07/19,1.5,375,1,250,250,250,0005329,0008
閖上,マコガレイ,活魚,刺網全漁法,動力船３トン以上５トン未満,0,2017/07/19,10.4,28080,1,2700,2700,2700,0005331,0008
閖上,ガザミ,生鮮,刺網全漁法,動力船３トン以上５トン未満,0,2017/07/19,13,6500,1,500,500,500,0006046,0008
閖上,ヒラツメガニ,生鮮,刺網全漁法,動力船３トン以上５トン未満,0,2017/07/19,2,800,1,400,400,400,0006052,0008
閖上,ひらめ,活魚,刺網全漁法,動力船３トン以上５トン未満,0,2017/07/19,16.5,14850,1,900,900,900,0006224,0008
閖上,ホウボウ,生鮮,刺網全漁法,動力船３トン以上５トン未満,0,2017/07/19,1.5,600,1,400,400,400,0006246,0008
閖上,マコガレイ,生鮮,小型底曳網・桁あみ,動力船３トン以上５トン未満,0,2017/10/25,0.9,252,1,280,280,280,0005331,0052
閖上,アカシタビラメ,生鮮,小型底曳網・桁あみ,動力船３トン以上５トン未満,0,2017/10/25,6,1567,3,261,261,261.2,0005392,0052
閖上,アカガイ,生鮮,小型底曳網・桁あみ,動力船３トン以上５トン未満,0,2017/10/25,41.7,94374,5,3731,1431,2263.2,0005803,0052
閖上,アカガイ,生鮮,小型底曳網・桁あみ,動力船３トン以上５トン未満,0,2017/10/25,22.4,62796,5,3251,2689,2803.4,0005804,0052
閖上,アカガイ,生鮮,小型底曳網・桁あみ,動力船３トン以上５トン未満,0,2017/10/25,98.5,141769,5,1921,1070,1439.3,0005805,0052
閖上,アカガイ,生鮮,小型底曳網・桁あみ,動力船３トン以上５トン未満,0,2017/10/25,13.1,7136,5,580,520,544.7,0005806,0052
閖上,その他の巻き貝,生鮮,小型底曳網・桁あみ,動力船３トン以上５トン未満,0,2017/10/25,1.3,858,1,660,660,660,0005815,0052
閖上,ガザミ,生鮮,小型底曳網・桁あみ,動力船３トン以上５トン未満,0,2017/10/25,82.9,25865,3,330,300,312,0006046,0052
閖上,コチ,生鮮,小型底曳網・桁あみ,動力船３トン以上５トン未満,0,2017/10/25,11.4,3786,3,380,280,332.1,0006088,0052
閖上,アカシタビラメ,生鮮,小型底曳網・桁あみ,動力船３トン以上５トン未満,0,2017/11/02,3,750,2,250,250,250,0005392,0052
閖上,コチ,生鮮,小型底曳網・桁あみ,動力船３トン以上５トン未満,0,2017/11/02,10,5000,2,500,500,500,0006088,0052
閖上,ひらめ,生鮮,小型底曳網・桁あみ,動力船３トン以上５トン未満,0,2017/11/02,13,7900,2,700,500,607.7,0006224,0052
閖上,その他のさかな,生鮮,小型底曳網・桁あみ,動力船３トン以上５トン未満,0,2017/11/02,1,1000,1,1000,1000,1000,0006399,0052
閖上,マコガレイ,生鮮,小型底曳網・桁あみ,動力船３トン以上５トン未満,0,2017/11/08,3.4,680,1,200,200,200,0005331,0052
閖上,アカシタビラメ,生鮮,小型底曳網・桁あみ,動力船３トン以上５トン未満,0,2017/11/08,9.2,1330,4,150,100,144.6,0005392,0052
閖上,アカガイ,生鮮,小型底曳網・桁あみ,動力船３トン以上５トン未満,0,2017/11/08,85.5,279676,10,3599,2200,3271.1,0005803,0052
閖上,アカガイ,生鮮,小型底曳網・桁あみ,動力船３トン以上５トン未満,0,2017/11/08,50,131420,10,3051,2466,2628.4,0005804,0052
閖上,アカガイ,生鮮,小型底曳網・桁あみ,動力船３トン以上５トン未満,0,2017/11/08,192.1,188320,10,1600,700,980.3,0005805,0052
閖上,アカガイ,生鮮,小型底曳網・桁あみ,動力船３トン以上５トン未満,0,2017/11/08,29.4,13529,9,577,360,460.2,0005806,0052
閖上,カタクチイワシ,生鮮,船曳網・その他,動力船１０００トン以上,0,2017/11/08,61.6,36865,1,750,350,598.5,0005974,0005
閖上,ガザミ,生鮮,小型底曳網・桁あみ,動力船３トン以上５トン未満,0,2017/11/08,116.2,27316,7,245,221,235.1,0006046,0052
閖上,コチ,生鮮,小型底曳網・桁あみ,動力船３トン以上５トン未満,0,2017/11/08,7.6,1335,5,200,150,175.7,0006088,0052
閖上,ひらめ,生鮮,小型底曳網・桁あみ,動力船３トン以上５トン未満,0,2017/11/08,12.6,6792,3,600,120,539,0006224,0052
閖上,アカシタビラメ,生鮮,小型底曳網・桁あみ,動力船３トン以上５トン未満,0,2017/09/20,7.8,1177,4,151,151,150.9,0005392,0052
閖上,アカガイ,生鮮,小型底曳網・桁あみ,動力船３トン以上５トン未満,0,2017/09/20,59.6,138231,5,3731,1631,2319.3,0005803,0052
閖上,アカガイ,生鮮,小型底曳網・桁あみ,動力船３トン以上５トン未満,0,2017/09/20,18.1,48199,5,2881,2510,2662.9,0005804,0052
閖上,アカガイ,生鮮,小型底曳網・桁あみ,動力船３トン以上５トン未満,0,2017/09/20,83.7,108180,5,1869,1050,1292.5,0005805,0052
閖上,アカガイ,生鮮,小型底曳網・桁あみ,動力船３トン以上５トン未満,0,2017/09/20,16.1,8050,5,500,500,500,0005806,0052
閖上,ガザミ,生鮮,小型底曳網・桁あみ,動力船３トン以上５トン未満,0,2017/09/20,70.9,23376,5,360,300,329.7,0006046,0052
閖上,コチ,生鮮,小型底曳網・桁あみ,動力船３トン以上５トン未満,0,2017/09/20,2.1,252,1,120,120,120,0006088,0052
閖上,アカシタビラメ,生鮮,小型底曳網・桁あみ,動力船３トン以上５トン未満,0,2017/09/06,26.4,6944,6,320,100,263,0005392,0052
閖上,アカガイ,生鮮,小型底曳網・桁あみ,動力船３トン以上５トン未満,0,2017/09/06,27.8,104349,9,3951,3319,3753.6,0005803,0052
閖上,アカガイ,生鮮,小型底曳網・桁あみ,動力船３トン以上５トン未満,0,2017/09/06,55.9,165712,9,3651,2269,2964.4,0005804,0052
閖上,アカガイ,生鮮,小型底曳網・桁あみ,動力船３トン以上５トン未満,0,2017/09/06,372.3,426792,9,1861,700,1146.4,0005805,0052
閖上,アカガイ,生鮮,小型底曳網・桁あみ,動力船３トン以上５トン未満,0,2017/09/06,45.7,14385,8,350,300,314.8,0005806,0052
閖上,ガザミ,生鮮,小型底曳網・桁あみ,動力船３トン以上５トン未満,0,2017/09/06,89.5,25041,9,350,150,279.8,0006046,0052
閖上,ひらめ,生鮮,小型底曳網・桁あみ,動力船３トン以上５トン未満,0,2017/09/06,12.9,7960,4,750,550,617.1,0006224,0052
閖上,アカシタビラメ,生鮮,小型底曳網・桁あみ,動力船３トン以上５トン未満,0,2017/09/15,2.5,400,1,160,160,160,0005392,0052
閖上,アカガイ,生鮮,小型底曳網・桁あみ,動力船３トン以上５トン未満,0,2017/09/15,75.5,148850,4,3300,1600,1971.5,0005803,0052
閖上,アカガイ,生鮮,小型底曳網・桁あみ,動力船３トン以上５トン未満,0,2017/09/15,19.1,49660,4,2600,2600,2600,0005804,0052
閖上,アカガイ,生鮮,小型底曳網・桁あみ,動力船３トン以上５トン未満,0,2017/09/15,114,138440,4,1800,800,1214.4,0005805,0052
閖上,アカガイ,生鮮,小型底曳網・桁あみ,動力船３トン以上５トン未満,0,2017/09/15,9.4,6580,3,700,700,700,0005806,0052
閖上,ガザミ,生鮮,小型底曳網・桁あみ,動力船３トン以上５トン未満,0,2017/09/15,58.5,14625,4,250,250,250,0006046,0052
閖上,コチ,生鮮,小型底曳網・桁あみ,動力船３トン以上５トン未満,0,2017/09/15,4,600,2,150,150,150,0006088,0052
閖上,アカシタビラメ,生鮮,小型底曳網・桁あみ,動力船３トン以上５トン未満,0,2017/09/27,11.7,1886,5,269,100,161.2,0005392,0052
閖上,シャコ,生鮮,小型底曳網・桁あみ,動力船３トン以上５トン未満,0,2017/09/27,0.8,248,1,310,310,310,0005701,0052
閖上,アカガイ,生鮮,小型底曳網・桁あみ,動力船３トン以上５トン未満,0,2017/09/27,87.8,238963,9,3905,1869,2721.7,0005803,0052
閖上,アカガイ,生鮮,小型底曳網・桁あみ,動力船３トン以上５トン未満,0,2017/09/27,57.7,146797,9,3089,2500,2544.1,0005804,0052
閖上,アカガイ,生鮮,小型底曳網・桁あみ,動力船３トン以上５トン未満,0,2017/09/27,321.4,404382,9,1821,900,1258.2,0005805,0052
閖上,アカガイ,生鮮,小型底曳網・桁あみ,動力船３トン以上５トン未満,0,2017/09/27,38.9,15087,8,600,200,387.8,0005806,0052
閖上,ガザミ,生鮮,せん漁業,動力船３トン以上５トン未満,0,2017/08/30,133,61700,1,800,200,463.9,0006046,0074
閖上,その他の巻き貝,生鮮,小型底曳網・桁あみ,動力船３トン以上５トン未満,0,2017/09/27,1.4,434,1,310,310,310,0005815,0052
閖上,ガザミ,生鮮,小型底曳網・桁あみ,動力船３トン以上５トン未満,0,2017/09/27,174.1,36547,8,300,169,209.9,0006046,0052
閖上,コチ,生鮮,小型底曳網・桁あみ,動力船３トン以上５トン未満,0,2017/09/27,5.3,3931,2,869,350,741.7,0006088,0052
閖上,ひらめ,生鮮,小型底曳網・桁あみ,動力船３トン以上５トン未満,0,2017/09/27,21.5,15125,3,1000,300,703.5,0006224,0052
閖上,マコガレイ,生鮮,小型底曳網・桁あみ,動力船３トン以上５トン未満,0,2017/09/29,1,100,1,100,100,100,0005331,0052
閖上,アカシタビラメ,生鮮,小型底曳網・桁あみ,動力船３トン以上５トン未満,0,2017/09/29,3.7,370,2,100,100,100,0005392,0052
閖上,アカガイ,生鮮,小型底曳網・桁あみ,動力船３トン以上５トン未満,0,2017/09/29,105.1,161848,5,3961,800,1539.9,0005803,0052
閖上,アカガイ,生鮮,小型底曳網・桁あみ,動力船３トン以上５トン未満,0,2017/09/29,23.8,65887,5,3091,2610,2768.4,0005804,0052
閖上,アカガイ,生鮮,小型底曳網・桁あみ,動力船３トン以上５トン未満,0,2017/09/29,115.2,143670,5,1799,869,1247.1,0005805,0052
閖上,アカガイ,生鮮,小型底曳網・桁あみ,動力船３トン以上５トン未満,0,2017/09/29,42.3,6741,5,410,100,159.4,0005806,0052
閖上,その他の巻き貝,生鮮,小型底曳網・桁あみ,動力船３トン以上５トン未満,0,2017/09/29,1.2,372,1,310,310,310,0005815,0052
閖上,ガザミ,生鮮,小型底曳網・桁あみ,動力船３トン以上５トン未満,0,2017/09/29,61.2,7962,4,200,110,130.1,0006046,0052
閖上,コチ,生鮮,小型底曳網・桁あみ,動力船３トン以上５トン未満,0,2017/09/29,4.6,690,2,150,150,150,0006088,0052
閖上,ひらめ,生鮮,小型底曳網・桁あみ,動力船３トン以上５トン未満,0,2017/09/29,7.1,2230,2,500,200,314.1,0006224,0052
閖上,アカシタビラメ,生鮮,小型底曳網・桁あみ,動力船３トン以上５トン未満,0,2017/09/05,9.8,1530,4,320,100,156.1,0005392,0052
閖上,シャコ,生鮮,小型底曳網・桁あみ,動力船３トン以上５トン未満,0,2017/09/05,0.3,90,1,300,300,300,0005701,0052
閖上,アカガイ,生鮮,小型底曳網・桁あみ,動力船３トン以上５トン未満,0,2017/09/05,50.1,197569,9,4800,3500,3943.5,0005803,0052
閖上,アカガイ,生鮮,小型底曳網・桁あみ,動力船３トン以上５トン未満,0,2017/09/05,76.1,233023,9,3599,3000,3062.1,0005804,0052
閖上,アカガイ,生鮮,小型底曳網・桁あみ,動力船３トン以上５トン未満,0,2017/09/05,350.6,474095,9,1910,869,1352.2,0005805,0052
閖上,アカガイ,生鮮,小型底曳網・桁あみ,動力船３トン以上５トン未満,0,2017/09/05,46.2,24475,8,660,350,529.8,0005806,0052
閖上,ガザミ,生鮮,小型底曳網・桁あみ,動力船３トン以上５トン未満,0,2017/09/05,58.4,20440,8,450,250,350,0006046,0052
閖上,コチ,生鮮,小型底曳網・桁あみ,動力船３トン以上５トン未満,0,2017/09/05,1.8,360,1,200,200,200,0006088,0052
閖上,アカシタビラメ,生鮮,小型底曳網・桁あみ,動力船３トン以上５トン未満,0,2017/09/04,8.2,2624,3,320,320,320,0005392,0052
閖上,アカガイ,生鮮,小型底曳網・桁あみ,動力船３トン以上５トン未満,0,2017/09/04,17.8,82414,5,4830,4039,4630,0005803,0052
閖上,アカガイ,生鮮,小型底曳網・桁あみ,動力船３トン以上５トン未満,0,2017/09/04,24.2,100808,5,4830,3541,4165.6,0005804,0052
閖上,アカガイ,生鮮,小型底曳網・桁あみ,動力船３トン以上５トン未満,0,2017/09/04,221.9,449745,5,3039,1530,2026.8,0005805,0052
閖上,アカガイ,生鮮,小型底曳網・桁あみ,動力船３トン以上５トン未満,0,2017/09/04,30.6,20764,5,1110,650,678.6,0005806,0052
閖上,その他の巻き貝,生鮮,小型底曳網・桁あみ,動力船３トン以上５トン未満,0,2017/09/04,3.2,2112,2,660,660,660,0005815,0052
閖上,ガザミ,生鮮,小型底曳網・桁あみ,動力船３トン以上５トン未満,0,2017/09/04,22.1,8851,3,450,150,400.5,0006046,0052
閖上,アカシタビラメ,生鮮,小型底曳網・桁あみ,動力船３トン以上５トン未満,0,2017/09/11,56,11304,12,250,161,201.9,0005392,0052
閖上,シャコ,生鮮,小型底曳網・桁あみ,動力船３トン以上５トン未満,0,2017/09/11,0.4,120,1,300,300,300,0005701,0052
閖上,アカガイ,生鮮,小型底曳網・桁あみ,動力船３トン以上５トン未満,0,2017/09/11,179.8,544503,14,3689,2050,3028.4,0005803,0052
閖上,アカガイ,生鮮,小型底曳網・桁あみ,動力船３トン以上５トン未満,0,2017/09/11,129.4,329464,14,3000,1890,2546.1,0005804,0052
閖上,アカガイ,生鮮,小型底曳網・桁あみ,動力船３トン以上５トン未満,0,2017/09/11,301.8,339727,14,1589,850,1125.7,0005805,0052
閖上,アカガイ,生鮮,小型底曳網・桁あみ,動力船３トン以上５トン未満,0,2017/09/11,39.9,25353,11,730,550,635.4,0005806,0052
閖上,ガザミ,生鮮,小型底曳網・桁あみ,動力船３トン以上５トン未満,0,2017/09/11,120.4,28200,14,250,150,234.2,0006046,0052
閖上,ひらめ,生鮮,小型底曳網・桁あみ,動力船３トン以上５トン未満,0,2017/09/11,9.5,4937,3,600,350,519.7,0006224,0052
閖上,マコガレイ,生鮮,小型底曳網・桁あみ,動力船３トン以上５トン未満,0,2017/09/25,3.5,1350,2,500,100,385.7,0005331,0052
閖上,アカシタビラメ,生鮮,小型底曳網・桁あみ,動力船３トン以上５トン未満,0,2017/09/25,10.9,2080,5,200,100,190.8,0005392,0052
閖上,アカガイ,生鮮,小型底曳網・桁あみ,動力船３トン以上５トン未満,0,2017/09/25,137.2,360865,14,3831,1800,2630.2,0005803,0052
閖上,アカガイ,生鮮,小型底曳網・桁あみ,動力船３トン以上５トン未満,0,2017/09/25,115.2,308551,14,3269,1800,2678.4,0005804,0052
閖上,アカガイ,生鮮,小型底曳網・桁あみ,動力船３トン以上５トン未満,0,2017/09/25,454.4,578547,14,1960,858,1273.2,0005805,0052
閖上,アカガイ,生鮮,小型底曳網・桁あみ,動力船３トン以上５トン未満,0,2017/09/25,77.3,34128,12,860,400,441.5,0005806,0052
閖上,ガザミ,生鮮,小型底曳網・桁あみ,動力船３トン以上５トン未満,0,2017/09/25,330.6,83870,14,380,100,253.7,0006046,0052
閖上,ガザミ,生鮮,せん漁業,動力船３トン以上５トン未満,0,2017/09/25,118.5,47425,1,600,300,400.2,0006046,0074
閖上,コチ,生鮮,小型底曳網・桁あみ,動力船３トン以上５トン未満,0,2017/09/25,19,4120,5,250,100,216.8,0006088,0052
閖上,ひらめ,生鮮,小型底曳網・桁あみ,動力船３トン以上５トン未満,0,2017/09/25,23.6,11965,5,700,350,507,0006224,0052
閖上,アカシタビラメ,生鮮,小型底曳網・桁あみ,動力船３トン以上５トン未満,0,2017/09/13,26.9,4710,5,201,160,175.1,0005392,0052
閖上,シャコ,生鮮,小型底曳網・桁あみ,動力船３トン以上５トン未満,0,2017/09/13,0.5,160,1,320,320,320,0005701,0052
閖上,アカガイ,生鮮,小型底曳網・桁あみ,動力船３トン以上５トン未満,0,2017/09/13,97.6,275487,9,3591,2000,2822.6,0005803,0052
閖上,アカガイ,生鮮,小型底曳網・桁あみ,動力船３トン以上５トン未満,0,2017/09/13,53.2,137762,10,2921,2139,2589.5,0005804,0052
閖上,アカガイ,生鮮,小型底曳網・桁あみ,動力船３トン以上５トン未満,0,2017/09/13,255.8,310223,9,1900,850,1212.8,0005805,0052
閖上,アカガイ,生鮮,小型底曳網・桁あみ,動力船３トン以上５トン未満,0,2017/09/13,31.3,18227,10,650,350,582.3,0005806,0052
閖上,ガザミ,生鮮,小型底曳網・桁あみ,動力船３トン以上５トン未満,0,2017/09/13,106.5,23825,9,250,150,223.7,0006046,0052
閖上,コチ,生鮮,小型底曳網・桁あみ,動力船３トン以上５トン未満,0,2017/09/13,5.7,570,1,100,100,100,0006088,0052
閖上,ひらめ,生鮮,小型底曳網・桁あみ,動力船３トン以上５トン未満,0,2017/09/13,23,10825,6,500,350,470.7,0006224,0052
閖上,アカシタビラメ,生鮮,小型底曳網・桁あみ,動力船３トン以上５トン未満,0,2017/09/14,22.1,4007,7,200,161,181.3,0005392,0052
閖上,アカガイ,生鮮,小型底曳網・桁あみ,動力船３トン以上５トン未満,0,2017/09/14,70,204532,9,3600,2200,2921.9,0005803,0052
閖上,アカガイ,生鮮,小型底曳網・桁あみ,動力船３トン以上５トン未満,0,2017/09/14,83.6,191168,9,2800,1821,2286.7,0005804,0052
閖上,アカガイ,生鮮,小型底曳網・桁あみ,動力船３トン以上５トン未満,0,2017/09/14,236.3,255720,9,1800,680,1082.2,0005805,0052
閖上,アカガイ,生鮮,小型底曳網・桁あみ,動力船３トン以上５トン未満,0,2017/09/14,24.2,14836,9,680,500,613.1,0005806,0052
閖上,ガザミ,生鮮,小型底曳網・桁あみ,動力船３トン以上５トン未満,0,2017/09/14,159.1,39772,9,285,230,250,0006046,0052
閖上,コチ,生鮮,小型底曳網・桁あみ,動力船３トン以上５トン未満,0,2017/09/14,4.7,710,1,151,151,151.1,0006088,0052
閖上,ひらめ,生鮮,小型底曳網・桁あみ,動力船３トン以上５トン未満,0,2017/09/14,12.7,4418,4,500,220,347.9,0006224,0052
閖上,ホッキガイ,生鮮,小型底曳網・桁あみ,動力船３トン以上５トン未満,0,2017/09/26,2970,107340,1,53,20,36.1,0005827,0051
閖上,イシガレイ,生鮮,刺網全漁法,動力船３トン以上５トン未満,0,2017/07/18,20.4,8160,2,400,400,400,0005306,0008
閖上,マガレイ,生鮮,刺網全漁法,動力船３トン以上５トン未満,0,2017/07/18,9,2250,2,250,250,250,0005329,0008
閖上,マコガレイ,活魚,刺網全漁法,動力船３トン以上５トン未満,0,2017/07/18,21.7,58590,2,2700,2700,2700,0005331,0008
閖上,ムシガレイ,生鮮,刺網全漁法,動力船３トン以上５トン未満,0,2017/07/18,0.8,240,1,300,300,300,0005344,0008
閖上,ガザミ,活魚,刺網全漁法,動力船３トン以上５トン未満,0,2017/07/18,31.5,31500,2,1000,1000,1000,0006046,0008
閖上,ガザミ,活魚,せん漁業,動力船３トン以上５トン未満,0,2017/07/18,212.7,136050,2,1000,300,639.6,0006046,0074
閖上,ガザミ,生鮮,刺網全漁法,動力船３トン以上５トン未満,0,2017/07/18,251.7,128035,6,600,400,508.7,0006046,0008
閖上,ヒラツメガニ,活魚,せん漁業,動力船３トン以上５トン未満,0,2017/07/18,32,9600,1,300,300,300,0006052,0074
閖上,ヒラツメガニ,生鮮,刺網全漁法,動力船３トン以上５トン未満,0,2017/07/18,16,6400,4,400,400,400,0006052,0008
閖上,ひらめ,活魚,刺網全漁法,動力船３トン以上５トン未満,0,2017/07/18,111.9,100710,2,900,900,900,0006224,0008
閖上,ひらめ,生鮮,刺網全漁法,動力船３トン以上５トン未満,0,2017/07/18,9,6300,2,700,700,700,0006224,0008
閖上,ホウボウ,生鮮,刺網全漁法,動力船３トン以上５トン未満,0,2017/07/18,11.8,5165,2,500,150,437.7,0006246,0008
閖上,ガザミ,生鮮,せん漁業,動力船３トン以上５トン未満,0,2017/09/19,163.5,59200,1,600,300,362.1,0006046,0074
閖上,ガザミ,生鮮,せん漁業,動力船３トン以上５トン未満,0,2017/09/08,89,31950,1,800,300,359,0006046,0074
閖上,ヒラメ累計,生鮮,小型底曳網・桁あみ,動力船３トン以上５トン未満,0,2017/09/27,21.5,15125,3,1000,300,704,,
閖上,カタクチイワシ累計,生鮮,船曳網・その他,動力船１０００トン以上,0,2017/09/26,556.6,155381,1,481,190,279,,
閖上,カタクチイワシ累計,生鮮,船曳網・その他,動力船３トン以上５トン未満,0,2017/08/10,753.5,257555,2,460,50,342,,
閖上,カタクチイワシ累計,生鮮,船曳網・その他,動力船１０００トン以上,0,2017/08/10,440.5,181548,1,453,100,412,,
閖上,すずき,生鮮,小型底曳網・桁あみ,動力船３トン以上５トン未満,0,2017/10/03,4.3,2150,1,500,500,500,0005401,0052
閖上,ガザミ,生鮮,小型底曳網・桁あみ,動力船３トン以上５トン未満,0,2017/10/03,29.9,8970,2,300,300,300,0006046,0052
閖上,コチ,生鮮,小型底曳網・桁あみ,動力船３トン以上５トン未満,0,2017/10/03,3.1,1240,1,400,400,400,0006088,0052
閖上,アカシタビラメ,生鮮,小型底曳網・桁あみ,動力船３トン以上５トン未満,0,2017/10/05,2.3,230,1,100,100,100,0005392,0052
閖上,すずき,生鮮,小型底曳網・桁あみ,動力船３トン以上５トン未満,0,2017/10/05,1.7,340,1,200,200,200,0005401,0052
閖上,アカガイ,生鮮,小型底曳網・桁あみ,動力船３トン以上５トン未満,0,2017/10/05,148.3,417786,8,3300,1510,2817.2,0005803,0052
閖上,アカガイ,生鮮,小型底曳網・桁あみ,動力船３トン以上５トン未満,0,2017/10/05,46.3,124463,8,3011,2600,2688.2,0005804,0052
閖上,アカガイ,生鮮,小型底曳網・桁あみ,動力船３トン以上５トン未満,0,2017/10/05,106,139380,8,1769,921,1314.9,0005805,0052
閖上,アカガイ,生鮮,小型底曳網・桁あみ,動力船３トン以上５トン未満,0,2017/10/05,26.9,14518,8,639,500,539.7,0005806,0052
閖上,ホッキガイ,生鮮,小型底曳網・桁あみ,動力船３トン以上５トン未満,0,2017/10/05,47.5,10705,1,250,100,225.4,0005827,0051
閖上,コタマガイ,生鮮,小型底曳網・桁あみ,動力船３トン以上５トン未満,0,2017/10/05,3.3,330,1,100,100,100,0005832,0051
閖上,ガザミ,生鮮,小型底曳網・桁あみ,動力船３トン以上５トン未満,0,2017/10/05,263.8,71965,7,300,171,272.8,0006046,0052
閖上,コチ,生鮮,小型底曳網・桁あみ,動力船３トン以上５トン未満,0,2017/10/05,3.2,320,2,100,100,100,0006088,0052
閖上,ひらめ,生鮮,小型底曳網・桁あみ,動力船３トン以上５トン未満,0,2017/10/05,10.9,6600,5,1000,500,605.5,0006224,0052
閖上,カタクチイワシ累計,生鮮,船曳網・その他,動力船３トン以上５トン未満,0,2017/09/25,798.5,235684,2,600,30,295,,
閖上,カタクチイワシ累計,生鮮,船曳網・その他,動力船１０００トン以上,0,2017/09/25,1313.3,373660,2,868,120,284,,
閖上,スズキ累計,生鮮,せん漁業,動力船３トン以上５トン未満,0,2017/08/08,2.2,2200,1,1000,1000,1000,,
閖上,ヒラメ累計,活魚,刺網全漁法,動力船３トン以上５トン未満,0,2017/07/24,69.5,69500,1,1000,1000,1000,,
閖上,ヒラメ累計,生鮮,小型底曳網・桁あみ,動力船３トン以上５トン未満,0,2017/09/29,7.1,2230,2,500,200,314,,
閖上,ヒラメ累計,生鮮,小型底曳網・桁あみ,動力船３トン以上５トン未満,0,2017/09/25,23.6,11965,5,700,350,507,,
閖上,カタクチイワシ累計,生鮮,船曳網・その他,動力船３トン以上５トン未満,0,2017/09/15,476.3,184237,2,436,120,387,,
閖上,カタクチイワシ累計,生鮮,船曳網・その他,動力船１０００トン以上,0,2017/09/15,904.4,448781,4,700,120,496,,
閖上,カタクチイワシ累計,生鮮,船曳網・その他,動力船３トン以上５トン未満,0,2017/08/30,382.5,118525,2,600,50,310,,
閖上,カタクチイワシ累計,生鮮,船曳網・その他,動力船１０００トン以上,0,2017/08/30,716,258005,2,650,50,360,,
閖上,ヒラメ累計,活魚,せん漁業,動力船３トン以上５トン未満,0,2017/08/08,113.1,147030,2,1300,1300,1300,,
閖上,カタクチイワシ累計,生鮮,船曳網・その他,動力船３トン以上５トン未満,0,2017/08/07,85,52740,1,701,516,620,,
閖上,カタクチイワシ累計,生鮮,船曳網・その他,動力船１０００トン以上,0,2017/08/07,287,146266,1,516,350,510,,
閖上,カタクチイワシ累計,生鮮,船曳網・その他,動力船３トン以上５トン未満,0,2017/09/14,556.3,295756,2,711,289,532,,
閖上,カタクチイワシ累計,生鮮,船曳網・その他,動力船１０００トン以上,0,2017/09/14,1330.6,775193,4,659,100,583,,
閖上,カタクチイワシ累計,生鮮,船曳網・その他,動力船３トン以上５トン未満,0,2017/08/29,677,257695,2,450,100,381,,
閖上,カタクチイワシ累計,生鮮,船曳網・その他,動力船１０００トン以上,0,2017/08/29,362,155305,1,480,100,429,,
閖上,ヒラメ累計,活魚,船曳網・その他,動力船３トン以上５トン未満,0,2017/08/07,0.8,800,1,1000,1000,1000,,
閖上,ヒラメ累計,活魚,刺網全漁法,動力船３トン以上５トン未満,0,2017/07/19,16.5,14850,1,900,900,900,,
閖上,マコガレイ,生鮮,小型底曳網・桁あみ,動力船３トン以上５トン未満,0,2017/09/21,1.2,300,1,250,250,250,0005331,0052
閖上,アカシタビラメ,生鮮,小型底曳網・桁あみ,動力船３トン以上５トン未満,0,2017/09/21,7.4,915,4,150,100,123.6,0005392,0052
閖上,すずき,生鮮,小型底曳網・桁あみ,動力船３トン以上５トン未満,0,2017/09/21,3.4,1360,1,400,400,400,0005401,0052
閖上,アカガイ,生鮮,小型底曳網・桁あみ,動力船３トン以上５トン未満,0,2017/09/21,121.9,263444,9,3991,1511,2161.1,0005803,0052
閖上,アカガイ,生鮮,小型底曳網・桁あみ,動力船３トン以上５トン未満,0,2017/09/21,75.7,214647,9,3471,2600,2835.5,0005804,0052
閖上,アカガイ,生鮮,小型底曳網・桁あみ,動力船３トン以上５トン未満,0,2017/09/21,193.2,279347,9,2081,1000,1445.9,0005805,0052
閖上,アカガイ,生鮮,小型底曳網・桁あみ,動力船３トン以上５トン未満,0,2017/09/21,59.1,27455,8,710,400,464.6,0005806,0052
閖上,ガザミ,生鮮,小型底曳網・桁あみ,動力船３トン以上５トン未満,0,2017/09/21,102,31896,8,480,300,312.7,0006046,0052
閖上,ひらめ,生鮮,小型底曳網・桁あみ,動力船３トン以上５トン未満,0,2017/09/21,5.8,2860,1,600,400,493.1,0006224,0052
閖上,カタクチイワシ累計,生鮮,船曳網・その他,動力船３トン以上５トン未満,0,2017/08/28,358.5,157780,2,600,50,440,,
閖上,カタクチイワシ累計,生鮮,船曳網・その他,動力船１０００トン以上,0,2017/08/28,429,184050,1,700,300,429,,
閖上,カタクチイワシ累計,生鮮,船曳網・その他,動力船３トン以上５トン未満,0,2017/08/04,161.5,100727,1,711,550,624,,
閖上,カタクチイワシ累計,生鮮,船曳網・その他,動力船１０００トン以上,0,2017/08/04,374.5,204309,2,611,501,546,,
閖上,ヒラメ累計,活魚,刺網全漁法,動力船３トン以上５トン未満,0,2017/07/20,23.7,23700,1,1000,1000,1000,,
閖上,ヒラメ累計,生鮮,小型底曳網・桁あみ,動力船３トン以上５トン未満,0,2017/09/14,12.7,4418,4,500,220,348,,
閖上,カタクチイワシ累計,生鮮,船曳網・その他,動力船３トン以上５トン未満,0,2017/09/13,343.7,139297,2,700,100,405,,
閖上,カタクチイワシ累計,生鮮,船曳網・その他,動力船１０００トン以上,0,2017/09/13,1274.8,702938,4,660,156,551,,
閖上,ヒラメ累計,生鮮,小型底曳網・桁あみ,動力船３トン以上５トン未満,0,2017/09/13,23,10825,6,500,350,471,,
閖上,カタクチイワシ累計,生鮮,船曳網・その他,動力船３トン以上５トン未満,0,2017/08/03,299,182801,1,781,100,611,,
閖上,カタクチイワシ累計,生鮮,船曳網・その他,動力船１０００トン以上,0,2017/08/03,173.5,110115,1,700,621,635,,
閖上,ヒラメ累計,生鮮,刺網全漁法,動力船３トン以上５トン未満,0,2017/07/20,3.4,2380,2,700,700,700,,
閖上,カタクチイワシ累計,生鮮,船曳網・その他,動力船３トン以上５トン未満,0,2017/07/19,32,26476,1,888,500,827,,
閖上,カタクチイワシ累計,生鮮,船曳網・その他,動力船３トン以上５トン未満,0,2017/07/20,40.5,35964,1,888,888,888,,
閖上,マコガレイ,生鮮,小型底曳網・桁あみ,動力船３トン以上５トン未満,0,2017/10/02,2.8,1285,1,459,459,458.9,0005331,0052
閖上,アカシタビラメ,生鮮,小型底曳網・桁あみ,動力船３トン以上５トン未満,0,2017/10/02,11.8,2759,7,350,100,233.8,0005392,0052
閖上,すずき,生鮮,小型底曳網・桁あみ,動力船３トン以上５トン未満,0,2017/10/02,2.3,550,1,239,239,239.1,0005401,0052
閖上,アカガイ,生鮮,小型底曳網・桁あみ,動力船３トン以上５トン未満,0,2017/10/02,184.3,451364,16,3800,900,2449.1,0005803,0052
閖上,アカガイ,生鮮,小型底曳網・桁あみ,動力船３トン以上５トン未満,0,2017/10/02,132.8,370681,16,3170,2600,2791.3,0005804,0052
閖上,アカガイ,生鮮,小型底曳網・桁あみ,動力船３トン以上５トン未満,0,2017/10/02,386.6,454624,16,1741,839,1176,0005805,0052
閖上,アカガイ,生鮮,小型底曳網・桁あみ,動力船３トン以上５トン未満,0,2017/10/02,65,21855,12,400,200,336.2,0005806,0052
閖上,その他の巻き貝,生鮮,小型底曳網・桁あみ,動力船３トン以上５トン未満,0,2017/10/02,2,600,1,300,300,300,0005815,0052
閖上,ガザミ,生鮮,小型底曳網・桁あみ,動力船３トン以上５トン未満,0,2017/10/02,216.9,50212,14,350,169,231.5,0006046,0052
閖上,コチ,生鮮,小型底曳網・桁あみ,動力船３トン以上５トン未満,0,2017/10/02,6.4,1737,3,569,150,271.4,0006088,0052
閖上,ひらめ,生鮮,小型底曳網・桁あみ,動力船３トン以上５トン未満,0,2017/10/02,48,30804,11,889,400,641.8,0006224,0052
閖上,カタクチイワシ累計,生鮮,船曳網・その他,動力船３トン以上５トン未満,0,2017/09/11,898,338511,2,494,50,377,,
閖上,カタクチイワシ累計,生鮮,船曳網・その他,動力船１０００トン以上,0,2017/09/11,633,313412,2,639,387,495,,
閖上,カタクチイワシ累計,生鮮,船曳網・その他,動力船３トン以上５トン未満,0,2017/08/25,373,122735,2,600,50,329,,
閖上,カタクチイワシ累計,生鮮,船曳網・その他,動力船１０００トン以上,0,2017/08/25,55.5,17325,1,600,150,312,,
閖上,カタクチイワシ累計,生鮮,船曳網・その他,動力船３トン以上５トン未満,0,2017/08/02,135.5,95344,1,888,100,704,,
閖上,ヒラメ累計,活魚,刺網全漁法,動力船３トン以上５トン未満,0,2017/07/21,80.3,80300,1,1000,1000,1000,,
閖上,ヒラメ累計,生鮮,刺網全漁法,動力船３トン以上５トン未満,0,2017/07/21,1.6,640,1,400,400,400,,
閖上,アカガイ,生鮮,小型底曳網・桁あみ,動力船３トン以上５トン未満,0,2017/09/28,49.8,153400,3,3800,2200,3080.3,0005803,0052
閖上,アカガイ,生鮮,小型底曳網・桁あみ,動力船３トン以上５トン未満,0,2017/09/28,30,75000,3,2500,2500,2500,0005804,0052
閖上,アカガイ,生鮮,小型底曳網・桁あみ,動力船３トン以上５トン未満,0,2017/09/28,56.9,77540,3,1600,1100,1362.7,0005805,0052
閖上,アカガイ,生鮮,小型底曳網・桁あみ,動力船３トン以上５トン未満,0,2017/09/28,1.8,900,1,500,500,500,0005806,0052
閖上,ガザミ,生鮮,小型底曳網・桁あみ,動力船３トン以上５トン未満,0,2017/09/28,54.5,13625,3,250,250,250,0006046,0052
閖上,ひらめ,生鮮,小型底曳網・桁あみ,動力船３トン以上５トン未満,0,2017/09/28,3.2,1600,1,500,500,500,0006224,0052
閖上,アカシタビラメ,生鮮,小型底曳網・桁あみ,動力船３トン以上５トン未満,0,2017/10/12,2.2,220,1,100,100,100,0005392,0052
閖上,シャコ,生鮮,小型底曳網・桁あみ,動力船３トン以上５トン未満,0,2017/10/12,0.5,180,1,360,360,360,0005701,0052
閖上,アカガイ,生鮮,小型底曳網・桁あみ,動力船３トン以上５トン未満,0,2017/10/12,47.2,104021,5,3522,1361,2203.8,0005803,0052
閖上,アカガイ,生鮮,小型底曳網・桁あみ,動力船３トン以上５トン未満,0,2017/10/12,20.5,55702,5,3071,2541,2717.2,0005804,0052
閖上,アカガイ,生鮮,小型底曳網・桁あみ,動力船３トン以上５トン未満,0,2017/10/12,100.6,123391,5,1791,831,1226.6,0005805,0052
閖上,アカガイ,生鮮,小型底曳網・桁あみ,動力船３トン以上５トン未満,0,2017/10/12,16.8,6850,5,450,401,407.7,0005806,0052
閖上,ガザミ,生鮮,小型底曳網・桁あみ,動力船３トン以上５トン未満,0,2017/10/12,76.3,15904,3,310,201,208.4,0006046,0052
閖上,コチ,生鮮,小型底曳網・桁あみ,動力船３トン以上５トン未満,0,2017/10/12,6.8,1374,2,202,202,202.1,0006088,0052
閖上,ひらめ,生鮮,小型底曳網・桁あみ,動力船３トン以上５トン未満,0,2017/10/12,1.8,684,1,380,380,380,0006224,0052
閖上,カタクチイワシ累計,生鮮,船曳網・その他,動力船３トン以上５トン未満,0,2017/08/24,228.5,132963,1,720,201,582,,
閖上,カタクチイワシ累計,生鮮,船曳網・その他,動力船１０００トン以上,0,2017/08/24,492,250716,2,667,50,510,,
閖上,カタクチイワシ累計,生鮮,船曳網・その他,動力船３トン以上５トン未満,0,2017/08/01,203,167386,1,888,807,825,,
閖上,アカシタビラメ,生鮮,小型底曳網・桁あみ,動力船３トン以上５トン未満,0,2017/09/07,2.5,750,1,300,300,300,0005392,0052
閖上,アカガイ,生鮮,小型底曳網・桁あみ,動力船３トン以上５トン未満,0,2017/09/07,31.6,114130,4,3800,3300,3611.7,0005803,0052
閖上,アカガイ,生鮮,小型底曳網・桁あみ,動力船３トン以上５トン未満,0,2017/09/07,46.6,97740,4,2500,1800,2097.4,0005804,0052
閖上,アカガイ,生鮮,小型底曳網・桁あみ,動力船３トン以上５トン未満,0,2017/09/07,134.7,141210,4,1800,900,1048.3,0005805,0052
閖上,アカガイ,生鮮,小型底曳網・桁あみ,動力船３トン以上５トン未満,0,2017/09/07,11.3,3390,3,300,300,300,0005806,0052
閖上,ガザミ,生鮮,小型底曳網・桁あみ,動力船３トン以上５トン未満,0,2017/09/07,36.5,10950,4,300,300,300,0006046,0052
閖上,ひらめ,生鮮,小型底曳網・桁あみ,動力船３トン以上５トン未満,0,2017/09/07,3.8,2660,1,700,700,700,0006224,0052
閖上,アカシタビラメ,生鮮,小型底曳網・桁あみ,動力船３トン以上５トン未満,0,2017/10/04,11.6,2542,4,390,200,219.1,0005392,0052
閖上,アカガイ,生鮮,小型底曳網・桁あみ,動力船３トン以上５トン未満,0,2017/10/04,135,383749,8,3339,1669,2842.6,0005803,0052
閖上,アカガイ,生鮮,小型底曳網・桁あみ,動力船３トン以上５トン未満,0,2017/10/04,91.5,207720,8,3141,1500,2270.2,0005804,0052
閖上,アカガイ,生鮮,小型底曳網・桁あみ,動力船３トン以上５トン未満,0,2017/10/04,117.2,140915,8,1750,900,1202.3,0005805,0052
閖上,アカガイ,生鮮,小型底曳網・桁あみ,動力船３トン以上５トン未満,0,2017/10/04,16.6,7950,6,550,350,478.9,0005806,0052
閖上,ホッキガイ,生鮮,小型底曳網・桁あみ,動力船３トン以上５トン未満,0,2017/10/04,123.8,31133,2,300,150,251.5,0005827,0051
閖上,コタマガイ,生鮮,小型底曳網・桁あみ,動力船３トン以上５トン未満,0,2017/10/04,1.6,800,1,500,500,500,0005832,0051
閖上,ガザミ,生鮮,小型底曳網・桁あみ,動力船３トン以上５トン未満,0,2017/10/04,130.4,32229,7,300,220,247.2,0006046,0052
閖上,コチ,生鮮,小型底曳網・桁あみ,動力船３トン以上５トン未満,0,2017/10/04,3,634,2,220,200,211.3,0006088,0052
閖上,ひらめ,生鮮,小型底曳網・桁あみ,動力船３トン以上５トン未満,0,2017/10/04,9.6,5360,3,600,350,558.3,0006224,0052
閖上,ヒラメ累計,生鮮,小型底曳網・桁あみ,動力船３トン以上５トン未満,0,2017/09/11,9.5,4937,3,600,350,520,,
閖上,カタクチイワシ累計,生鮮,船曳網・その他,動力船３トン以上５トン未満,0,2017/08/23,178,88415,1,561,383,497,,
閖上,カタクチイワシ累計,生鮮,船曳網・その他,動力船１０００トン以上,0,2017/08/23,458.5,251126,2,613,100,548,,
閖上,カタクチイワシ累計,生鮮,船曳網・その他,動力船１０００トン以上,0,2017/09/08,215,106667,1,700,100,496,,
閖上,カタクチイワシ累計,生鮮,船曳網・その他,動力船３トン以上５トン未満,0,2017/08/22,683.5,369133,2,586,300,540,,
閖上,カタクチイワシ累計,生鮮,船曳網・その他,動力船３トン以上５トン未満,0,2017/08/21,463.5,203741,2,1000,100,440,,
閖上,カタクチイワシ累計,生鮮,船曳網・その他,動力船１０００トン以上,0,2017/08/21,380.5,137838,2,550,100,362,,
閖上,カタクチイワシ累計,生鮮,船曳網・その他,動力船３トン以上５トン未満,0,2017/09/22,512.1,186724,1,850,200,365,,
閖上,カタクチイワシ累計,生鮮,船曳網・その他,動力船１０００トン以上,0,2017/09/22,62.3,26620,1,800,200,427,,
閖上,カタクチイワシ累計,生鮮,船曳網・その他,動力船３トン以上５トン未満,0,2017/09/07,1083.5,410366,2,600,120,379,,
閖上,カタクチイワシ累計,生鮮,船曳網・その他,動力船１０００トン以上,0,2017/09/07,779.5,287628,2,489,100,369,,
閖上,ヒラメ累計,生鮮,船曳網・その他,動力船３トン以上５トン未満,0,2017/08/21,4,4000,1,1000,1000,1000,,
閖上,カタクチイワシ累計,生鮮,船曳網・その他,動力船３トン以上５トン未満,0,2017/07/28,79.5,79500,1,1000,1000,1000,,
閖上,アカシタビラメ,生鮮,小型底曳網・桁あみ,動力船３トン以上５トン未満,0,2017/09/22,7.5,750,2,100,100,100,0005392,0052
閖上,アカガイ,生鮮,小型底曳網・桁あみ,動力船３トン以上５トン未満,0,2017/09/22,44.2,136930,4,3900,1600,3098,0005803,0052
閖上,アカガイ,生鮮,小型底曳網・桁あみ,動力船３トン以上５トン未満,0,2017/09/22,68.1,158120,4,2800,2000,2321.9,0005804,0052
閖上,アカガイ,生鮮,小型底曳網・桁あみ,動力船３トン以上５トン未満,0,2017/09/22,69.7,76670,4,1100,1100,1100,0005805,0052
閖上,アカガイ,生鮮,小型底曳網・桁あみ,動力船３トン以上５トン未満,0,2017/09/22,3.5,1400,2,400,400,400,0005806,0052
閖上,ガザミ,生鮮,小型底曳網・桁あみ,動力船３トン以上５トン未満,0,2017/09/22,54,16200,4,300,300,300,0006046,0052
閖上,カタクチイワシ累計,生鮮,船曳網・その他,動力船３トン以上５トン未満,0,2017/09/21,1470.4,521494,2,859,155,355,,
閖上,カタクチイワシ累計,生鮮,船曳網・その他,動力船１０００トン以上,0,2017/09/21,1220.1,464136,2,1007,172,380,,
閖上,スズキ累計,生鮮,小型底曳網・桁あみ,動力船３トン以上５トン未満,0,2017/09/21,3.4,1360,1,400,400,400,,
閖上,ヒラメ累計,生鮮,小型底曳網・桁あみ,動力船３トン以上５トン未満,0,2017/09/07,3.8,2660,1,700,700,700,,
閖上,カタクチイワシ累計,生鮮,船曳網・その他,動力船３トン以上５トン未満,0,2017/09/06,670,252791,2,580,150,377,,
閖上,カタクチイワシ累計,生鮮,船曳網・その他,動力船１０００トン以上,0,2017/09/06,392.5,146376,2,477,150,373,,
閖上,カタクチイワシ累計,生鮮,船曳網・その他,動力船３トン以上５トン未満,0,2017/08/18,425,194360,2,500,300,457,,
閖上,カタクチイワシ累計,生鮮,船曳網・その他,動力船１０００トン以上,0,2017/08/18,219.5,97670,1,500,300,445,,
閖上,カタクチイワシ累計,生鮮,船曳網・その他,動力船３トン以上５トン未満,0,2017/07/27,16,19200,1,1200,1200,1200,,
閖上,アカシタビラメ,生鮮,小型底曳網・桁あみ,動力船３トン以上５トン未満,0,2017/10/10,10.7,1913,5,250,121,178.8,0005392,0052
閖上,シャコ,生鮮,小型底曳網・桁あみ,動力船３トン以上５トン未満,0,2017/10/10,1,300,1,300,300,300,0005701,0052
閖上,アカガイ,生鮮,小型底曳網・桁あみ,動力船３トン以上５トン未満,0,2017/10/10,155.1,386713,13,3561,1311,2493.3,0005803,0052
閖上,アカガイ,生鮮,小型底曳網・桁あみ,動力船３トン以上５トン未満,0,2017/10/10,71.2,190544,13,3111,2581,2676.2,0005804,0052
閖上,アカガイ,生鮮,小型底曳網・桁あみ,動力船３トン以上５トン未満,0,2017/10/10,283.9,366088,13,1889,869,1289.5,0005805,0052
閖上,アカガイ,生鮮,小型底曳網・桁あみ,動力船３トン以上５トン未満,0,2017/10/10,39,18464,10,650,350,473.4,0005806,0052
閖上,その他の巻き貝,生鮮,小型底曳網・桁あみ,動力船３トン以上５トン未満,0,2017/10/10,5,2000,1,400,400,400,0005815,0052
閖上,ホッキガイ,生鮮,小型底曳網・桁あみ,動力船３トン以上５トン未満,0,2017/10/10,99,39600,2,400,400,400,0005827,0051
閖上,ガザミ,生鮮,小型底曳網・桁あみ,動力船３トン以上５トン未満,0,2017/10/10,269.7,71515,12,300,210,265.2,0006046,0052
閖上,コチ,生鮮,小型底曳網・桁あみ,動力船３トン以上５トン未満,0,2017/10/10,10.2,2335,5,300,161,228.9,0006088,0052
閖上,ひらめ,生鮮,小型底曳網・桁あみ,動力船３トン以上５トン未満,0,2017/10/10,20.9,10605,6,600,400,507.4,0006224,0052
閖上,ヒラメ累計,生鮮,小型底曳網・桁あみ,動力船３トン以上５トン未満,0,2017/09/28,3.2,1600,1,500,500,500,,
閖上,カタクチイワシ累計,生鮮,船曳網・その他,動力船３トン以上５トン未満,0,2017/09/27,613.6,143160,1,534,190,233,,
閖上,カタクチイワシ累計,生鮮,船曳網・その他,動力船１０００トン以上,0,2017/09/27,1366.3,486876,2,888,180,356,,
閖上,ヒラメ累計,生鮮,小型底曳網・桁あみ,動力船３トン以上５トン未満,0,2017/09/21,5.8,2860,1,600,400,493,,
閖上,カタクチイワシ累計,生鮮,船曳網・その他,動力船３トン以上５トン未満,0,2017/09/20,37,9350,2,700,100,253,,
閖上,カタクチイワシ累計,生鮮,船曳網・その他,動力船１０００トン以上,0,2017/09/20,399,100356,1,600,224,252,,
閖上,ヒラメ累計,生鮮,船曳網・その他,動力船３トン以上５トン未満,0,2017/09/06,1.1,550,1,500,500,500,,
閖上,ヒラメ累計,生鮮,小型底曳網・桁あみ,動力船３トン以上５トン未満,0,2017/09/06,12.9,7960,4,750,550,617,,
閖上,カタクチイワシ累計,生鮮,船曳網・その他,動力船３トン以上５トン未満,0,2017/09/05,340.5,94880,2,700,100,279,,
閖上,カタクチイワシ累計,生鮮,船曳網・その他,動力船１０００トン以上,0,2017/09/05,756.5,236040,2,650,50,312,,
閖上,ヒラメ累計,活魚,刺網全漁法,動力船３トン以上５トン未満,0,2017/07/27,109.8,120780,1,1100,1100,1100,,
閖上,アカシタビラメ,生鮮,小型底曳網・桁あみ,動力船３トン以上５トン未満,0,2017/10/13,19.8,5940,2,300,300,300,0005392,0052
閖上,アカガイ,生鮮,小型底曳網・桁あみ,動力船３トン以上５トン未満,0,2017/10/13,47.8,137400,3,3500,1300,2874.5,0005803,0052
閖上,アカガイ,生鮮,小型底曳網・桁あみ,動力船３トン以上５トン未満,0,2017/10/13,20,52000,3,2600,2600,2600,0005804,0052
閖上,アカガイ,生鮮,小型底曳網・桁あみ,動力船３トン以上５トン未満,0,2017/10/13,45.2,61400,3,1700,900,1358.4,0005805,0052
閖上,アカガイ,生鮮,小型底曳網・桁あみ,動力船３トン以上５トン未満,0,2017/10/13,4.5,1800,2,400,400,400,0005806,0052
閖上,ガザミ,生鮮,小型底曳網・桁あみ,動力船３トン以上５トン未満,0,2017/10/13,133,32800,5,300,200,246.6,0006046,0052
閖上,コチ,生鮮,小型底曳網・桁あみ,動力船３トン以上５トン未満,0,2017/10/13,1.7,340,1,200,200,200,0006088,0052
閖上,ひらめ,生鮮,小型底曳網・桁あみ,動力船３トン以上５トン未満,0,2017/10/13,6,3400,3,600,400,566.7,0006224,0052
閖上,マコガレイ,生鮮,小型底曳網・桁あみ,動力船３トン以上５トン未満,0,2017/10/16,2,600,1,300,300,300,0005331,0052
閖上,アカシタビラメ,生鮮,小型底曳網・桁あみ,動力船３トン以上５トン未満,0,2017/10/16,14.6,3668,4,260,250,251.2,0005392,0052
閖上,アカガイ,生鮮,小型底曳網・桁あみ,動力船３トン以上５トン未満,0,2017/10/16,44.7,108900,5,3569,1211,2436.2,0005803,0052
閖上,アカガイ,生鮮,小型底曳網・桁あみ,動力船３トン以上５トン未満,0,2017/10/16,29,80295,5,3121,2631,2768.8,0005804,0052
閖上,アカガイ,生鮮,小型底曳網・桁あみ,動力船３トン以上５トン未満,0,2017/10/16,119.1,146685,5,1789,831,1231.6,0005805,0052
閖上,アカガイ,生鮮,小型底曳網・桁あみ,動力船３トン以上５トン未満,0,2017/10/16,10.6,5615,4,635,511,529.7,0005806,0052
閖上,ガザミ,生鮮,小型底曳網・桁あみ,動力船３トン以上５トン未満,0,2017/10/16,162.8,42795,5,300,206,262.9,0006046,0052
閖上,コチ,生鮮,小型底曳網・桁あみ,動力船３トン以上５トン未満,0,2017/10/16,32.7,11110,5,400,233,339.8,0006088,0052
閖上,ひらめ,生鮮,小型底曳網・桁あみ,動力船３トン以上５トン未満,0,2017/10/16,6.6,5880,2,1000,800,890.9,0006224,0052
閖上,カタクチイワシ累計,生鮮,船曳網・その他,動力船３トン以上５トン未満,0,2017/09/04,1040.5,402429,2,660,100,387,,
閖上,カタクチイワシ累計,生鮮,船曳網・その他,動力船１０００トン以上,0,2017/09/04,803.5,359260,1,610,110,447,,
閖上,スズキ累計,生鮮,船曳網・その他,動力船３トン以上５トン未満,0,2017/09/04,4.3,2150,1,500,500,500,,
閖上,イカナゴ累計,生鮮,敷網・火光利用(ランプ網),動力船１０トン以上２０トン未満,0,2017/04/24,2160,855000,1,500,300,396,,
閖上,イカナゴ累計,生鮮,敷網・火光利用(ランプ網),動力船３トン以上５トン未満,0,2017/04/24,1747.6,525050,1,500,250,300,,
閖上,ヒラメ累計,生鮮,小型底曳網・桁あみ,動力船３トン以上５トン未満,0,2017/04/24,6.3,4067,3,750,550,646,,
閖上,マコガレイ,生鮮,小型底曳網・桁あみ,動力船３トン以上５トン未満,0,2017/11/17,4,800,1,200,200,200,0005331,0052
閖上,アカガイ,生鮮,小型底曳網・桁あみ,動力船３トン以上５トン未満,0,2017/11/17,42.7,134890,3,3600,2200,3159,0005803,0052
閖上,アカガイ,生鮮,小型底曳網・桁あみ,動力船３トン以上５トン未満,0,2017/11/17,20.9,45980,3,2200,2200,2200,0005804,0052
閖上,アカガイ,生鮮,小型底曳網・桁あみ,動力船３トン以上５トン未満,0,2017/11/17,25.9,27370,3,1300,700,1056.8,0005805,0052
閖上,アカガイ,生鮮,小型底曳網・桁あみ,動力船３トン以上５トン未満,0,2017/11/17,4,1600,2,400,400,400,0005806,0052
閖上,ガザミ,生鮮,小型底曳網・桁あみ,動力船３トン以上５トン未満,0,2017/11/17,68.5,20550,3,300,300,300,0006046,0052
閖上,ひらめ,生鮮,小型底曳網・桁あみ,動力船３トン以上５トン未満,0,2017/11/17,9.9,4950,3,500,500,500,0006224,0052
閖上,ヒラメ累計,生鮮,小型底曳網・桁あみ,動力船３トン以上５トン未満,0,2017/06/21,16.3,7060,5,500,200,433,,
閖上,ヒラメ累計,生鮮,小型底曳網・桁あみ,動力船３トン以上５トン未満,0,2017/06/08,11.8,5900,2,500,500,500,,
閖上,ヒラメ累計,生鮮,小型底曳網・桁あみ,動力船３トン以上５トン未満,0,2017/05/26,27.4,6023,4,235,200,220,,
閖上,ヒラメ累計,生鮮,小型底曳網・桁あみ,動力船３トン以上５トン未満,0,2017/05/12,1.9,969,1,510,510,510,,
閖上,イカナゴ累計,生鮮,敷網・火光利用(ランプ網),動力船１０トン以上２０トン未満,0,2017/05/11,250.9,86565,1,400,300,345,,
閖上,カタクチイワシ累計,生鮮,船曳網・その他,動力船１０００トン以上,0,2017/09/29,307.2,85349,1,640,100,278,,
閖上,スズキ累計,生鮮,小型底曳網・桁あみ,動力船３トン以上５トン未満,0,2017/06/19,3,1500,1,500,500,500,,
閖上,ヒラメ累計,生鮮,小型底曳網・桁あみ,動力船３トン以上５トン未満,0,2017/05/11,7.5,5250,1,700,700,700,,
閖上,イカナゴ累計,生鮮,敷網・火光利用(ランプ網),動力船３トン以上５トン未満,0,2017/05/11,857.5,300125,1,350,350,350,,
閖上,イカナゴ累計,生鮮,敷網・火光利用(ランプ網),動力船１０トン以上２０トン未満,0,2017/04/21,1569.4,812630,1,600,300,518,,
閖上,イカナゴ累計,生鮮,敷網・火光利用(ランプ網),動力船３トン以上５トン未満,0,2017/04/21,1225.9,559205,1,600,300,456,,
閖上,ヒラメ累計,生鮮,小型底曳網・桁あみ,動力船３トン以上５トン未満,0,2017/04/21,6.8,4150,1,1000,500,610,,
閖上,ヒラメ累計,活魚,刺網全漁法,動力船３トン以上５トン未満,0,2017/07/18,111.9,100710,2,900,900,900,,
閖上,ヒラメ累計,生鮮,刺網全漁法,動力船３トン以上５トン未満,0,2017/07/18,9,6300,2,700,700,700,,
閖上,ヒラメ累計,生鮮,小型底曳網・桁あみ,動力船３トン以上５トン未満,0,2017/06/07,21.7,9107,7,500,350,420,,
閖上,ヒラメ累計,生鮮,小型底曳網・桁あみ,動力船３トン以上５トン未満,0,2017/05/24,24.2,12940,4,600,300,535,,
閖上,イカナゴ累計,生鮮,敷網・火光利用(ランプ網),動力船１０トン以上２０トン未満,0,2017/05/10,328.2,280840,1,1100,700,856,,
閖上,ヒラメ累計,生鮮,小型底曳網・桁あみ,動力船３トン以上５トン未満,0,2017/04/20,5,2650,2,530,530,530,,
閖上,アカシタビラメ,生鮮,小型底曳網・桁あみ,動力船３トン以上５トン未満,0,2017/11/21,1.6,160,2,100,100,100,0005392,0052
閖上,シャコ,生鮮,小型底曳網・桁あみ,動力船３トン以上５トン未満,0,2017/11/21,1.3,403,2,310,310,310,0005701,0052
閖上,アカガイ,生鮮,小型底曳網・桁あみ,動力船３トン以上５トン未満,0,2017/11/21,59.3,198122,9,3999,2300,3341,0005803,0052
閖上,アカガイ,生鮮,小型底曳網・桁あみ,動力船３トン以上５トン未満,0,2017/11/21,29.3,90533,7,3391,2869,3089.9,0005804,0052
閖上,アカガイ,生鮮,小型底曳網・桁あみ,動力船３トン以上５トン未満,0,2017/11/21,216.6,265993,9,1889,800,1228,0005805,0052
閖上,アカガイ,生鮮,小型底曳網・桁あみ,動力船３トン以上５トン未満,0,2017/11/21,24.7,19234,8,869,700,778.7,0005806,0052
閖上,ガザミ,生鮮,小型底曳網・桁あみ,動力船３トン以上５トン未満,0,2017/11/21,112.1,38624,6,366,330,344.5,0006046,0052
閖上,コチ,生鮮,小型底曳網・桁あみ,動力船３トン以上５トン未満,0,2017/11/21,2.3,509,2,260,186,221.3,0006088,0052
閖上,ひらめ,生鮮,小型底曳網・桁あみ,動力船３トン以上５トン未満,0,2017/11/21,9.5,3816,4,500,350,401.7,0006224,0052
閖上,ヒラメ累計,生鮮,小型底曳網・桁あみ,動力船３トン以上５トン未満,0,2017/06/19,74.3,33559,14,500,400,452,,
閖上,ヒラメ累計,生鮮,小型底曳網・桁あみ,動力船３トン以上５トン未満,0,2017/05/10,2.7,1080,1,400,400,400,,
閖上,イカナゴ累計,生鮮,敷網・火光利用(ランプ網),動力船１０トン以上２０トン未満,0,2017/05/09,123.1,43085,1,350,350,350,,
閖上,イカナゴ累計,生鮮,敷網・火光利用(ランプ網),動力船３トン以上５トン未満,0,2017/05/09,1563.8,546570,2,1100,280,350,,
閖上,マコガレイ,生鮮,小型底曳網・桁あみ,動力船３トン以上５トン未満,0,2017/11/29,1.7,505,2,305,290,297.1,0005331,0052
閖上,アカシタビラメ,生鮮,小型底曳網・桁あみ,動力船３トン以上５トン未満,0,2017/11/29,7.7,932,3,121,121,121,0005392,0052
閖上,シャコ,生鮮,小型底曳網・桁あみ,動力船３トン以上５トン未満,0,2017/11/29,1.4,252,1,180,180,180,0005701,0052
閖上,アカガイ,生鮮,小型底曳網・桁あみ,動力船３トン以上５トン未満,0,2017/11/29,19.9,70747,7,3671,3020,3555.1,0005803,0052
閖上,アカガイ,生鮮,小型底曳網・桁あみ,動力船３トン以上５トン未満,0,2017/11/29,42.4,116128,7,3261,2319,2738.9,0005804,0052
閖上,アカガイ,生鮮,小型底曳網・桁あみ,動力船３トン以上５トン未満,0,2017/11/29,161.8,171190,7,1799,700,1058,0005805,0052
閖上,アカガイ,生鮮,小型底曳網・桁あみ,動力船３トン以上５トン未満,0,2017/11/29,16,10065,6,670,610,629.1,0005806,0052
閖上,その他の巻き貝,生鮮,小型底曳網・桁あみ,動力船３トン以上５トン未満,0,2017/11/29,0.7,217,1,310,310,310,0005815,0052
閖上,ホッキガイ,生鮮,小型底曳網・桁あみ,動力船３トン以上５トン未満,0,2017/11/29,45,13500,1,300,300,300,0005827,0051
閖上,ガザミ,生鮮,小型底曳網・桁あみ,動力船３トン以上５トン未満,0,2017/11/29,132.4,38908,4,335,281,293.9,0006046,0052
閖上,コチ,生鮮,小型底曳網・桁あみ,動力船３トン以上５トン未満,0,2017/11/29,12.4,2672,3,250,185,215.5,0006088,0052
閖上,ひらめ,生鮮,小型底曳網・桁あみ,動力船３トン以上５トン未満,0,2017/11/29,4.7,2867,1,610,610,610,0006224,0052
閖上,クサフグ,生鮮,小型底曳網・桁あみ,動力船３トン以上５トン未満,0,2017/11/29,1.1,121,1,110,110,110,0006232,0052
閖上,ヒラメ累計,生鮮,小型底曳網・桁あみ,動力船３トン以上５トン未満,0,2017/06/30,2.5,1250,2,500,500,500,,
閖上,ヒラメ累計,生鮮,小型底曳網・桁あみ,動力船３トン以上５トン未満,0,2017/06/05,42.4,19755,13,500,350,466,,
閖上,ヒラメ累計,生鮮,小型底曳網・桁あみ,動力船３トン以上５トン未満,0,2017/05/09,8,5950,3,800,700,744,,
閖上,マコガレイ,生鮮,小型底曳網・桁あみ,動力船３トン以上５トン未満,0,2017/10/26,2,520,2,300,220,260,0005331,0052
閖上,アカシタビラメ,生鮮,小型底曳網・桁あみ,動力船３トン以上５トン未満,0,2017/10/26,13.2,2926,4,250,161,221.7,0005392,0052
閖上,アカガイ,生鮮,小型底曳網・桁あみ,動力船３トン以上５トン未満,0,2017/10/26,67.7,180216,8,3700,1309,2662,0005803,0052
閖上,アカガイ,生鮮,小型底曳網・桁あみ,動力船３トン以上５トン未満,0,2017/10/26,41.6,112212,8,3081,2581,2697.4,0005804,0052
閖上,アカガイ,生鮮,小型底曳網・桁あみ,動力船３トン以上５トン未満,0,2017/10/26,154.1,184344,8,1800,831,1196.3,0005805,0052
閖上,アカガイ,生鮮,小型底曳網・桁あみ,動力船３トン以上５トン未満,0,2017/10/26,14,7952,5,650,430,568,0005806,0052
閖上,その他の巻き貝,生鮮,小型底曳網・桁あみ,動力船３トン以上５トン未満,0,2017/10/26,6.2,2974,3,500,320,479.7,0005815,0052
閖上,カタクチイワシ,生鮮,船曳網・その他,動力船１０００トン以上,0,2017/10/26,341.3,94223,1,900,236,276.1,0005974,0005
閖上,カタクチイワシ,生鮮,船曳網・その他,動力船３トン以上５トン未満,0,2017/10/26,13,3850,1,700,150,296.2,0005974,0005
閖上,ガザミ,生鮮,小型底曳網・桁あみ,動力船３トン以上５トン未満,0,2017/10/26,144.1,41846,8,310,260,290.4,0006046,0052
閖上,コチ,生鮮,小型底曳網・桁あみ,動力船３トン以上５トン未満,0,2017/10/26,26.2,9804,7,500,260,374.2,0006088,0052
閖上,アカシタビラメ,生鮮,小型底曳網・桁あみ,動力船３トン以上５トン未満,0,2017/10/11,14.8,3990,3,300,120,269.6,0005392,0052
閖上,アカガイ,生鮮,小型底曳網・桁あみ,動力船３トン以上５トン未満,0,2017/10/11,47.2,134840,3,3500,1500,2856.8,0005803,0052
閖上,アカガイ,生鮮,小型底曳網・桁あみ,動力船３トン以上５トン未満,0,2017/10/11,21.6,56160,3,2600,2600,2600,0005804,0052
閖上,アカガイ,生鮮,小型底曳網・桁あみ,動力船３トン以上５トン未満,0,2017/10/11,66.2,86860,3,1800,850,1312.1,0005805,0052
閖上,その他の巻き貝,生鮮,小型底曳網・桁あみ,動力船３トン以上５トン未満,0,2017/10/11,4.8,1920,1,400,400,400,0005815,0052
閖上,ガザミ,生鮮,小型底曳網・桁あみ,動力船３トン以上５トン未満,0,2017/10/11,79.5,22130,4,300,260,278.4,0006046,0052
閖上,コチ,生鮮,小型底曳網・桁あみ,動力船３トン以上５トン未満,0,2017/10/11,2,300,1,150,150,150,0006088,0052
閖上,ひらめ,活魚,小型底曳網・桁あみ,動力船３トン以上５トン未満,0,2017/10/11,2.9,2900,1,1000,1000,1000,0006224,0052
閖上,ひらめ,生鮮,小型底曳網・桁あみ,動力船３トン以上５トン未満,0,2017/10/11,12.1,6605,4,550,500,545.9,0006224,0052
閖上,カタクチイワシ累計,生鮮,船曳網・その他,動力船３トン以上５トン未満,0,2017/10/06,359,140766,1,750,185,392,,
閖上,カタクチイワシ累計,生鮮,船曳網・その他,動力船１０００トン以上,0,2017/10/06,809.9,228969,1,586,150,283,,
閖上,ヒラメ累計,活魚,刺網全漁法,動力船３トン以上５トン未満,0,2017/07/14,7,5600,1,800,800,800,,
閖上,スズキ累計,生鮮,小型底曳網・桁あみ,動力船３トン以上５トン未満,0,2017/06/29,3,1800,1,600,600,600,,
閖上,イカナゴ累計,生鮮,敷網・火光利用(ランプ網),動力船１０トン以上２０トン未満,0,2017/05/22,97.5,19500,1,200,200,200,,
閖上,イカナゴ累計,生鮮,敷網・火光利用(ランプ網),動力船３トン以上５トン未満,0,2017/05/22,184,36800,1,200,200,200,,
閖上,ヒラメ累計,生鮮,小型底曳網・桁あみ,動力船３トン以上５トン未満,0,2017/05/08,8,7300,2,1000,800,912,,
閖上,ひらめ,生鮮,小型底曳網・桁あみ,動力船３トン以上５トン未満,0,2017/10/26,6.4,3585,3,600,450,560.2,0006224,0052
閖上,ヒラメ累計,活魚,刺網全漁法,動力船３トン以上５トン未満,0,2017/07/13,56.9,45520,1,800,800,800,,
閖上,ヒラメ累計,生鮮,小型底曳網・桁あみ,動力船３トン以上５トン未満,0,2017/06/29,8.2,3131,3,500,330,382,,
閖上,ヒラメ累計,生鮮,小型底曳網・桁あみ,動力船３トン以上５トン未満,0,2017/06/16,13.4,6700,3,500,500,500,,
閖上,ヒラメ累計,生鮮,小型底曳網・桁あみ,動力船３トン以上５トン未満,0,2017/05/22,32.9,15185,9,600,350,462,,
閖上,ヒラメ累計,生鮮,小型底曳網・桁あみ,動力船３トン以上５トン未満,0,2017/10/06,6.3,3610,3,1000,400,573,,
閖上,カタクチイワシ累計,生鮮,船曳網・その他,動力船３トン以上５トン未満,0,2017/10/05,377.4,122171,1,400,120,324,,
閖上,カタクチイワシ累計,生鮮,船曳網・その他,動力船１０００トン以上,0,2017/10/05,1124.3,582541,2,780,350,518,,
閖上,ヒラメ累計,活魚,刺網全漁法,動力船３トン以上５トン未満,0,2017/07/12,82.9,66320,1,800,800,800,,
閖上,マコガレイ,生鮮,小型底曳網・桁あみ,動力船３トン以上５トン未満,0,2017/11/20,6.2,1240,2,200,200,200,0005331,0052
閖上,アカシタビラメ,生鮮,小型底曳網・桁あみ,動力船３トン以上５トン未満,0,2017/11/20,15,2811,7,230,150,187.4,0005392,0052
閖上,シャコ,生鮮,小型底曳網・桁あみ,動力船３トン以上５トン未満,0,2017/11/20,0.2,70,1,350,350,350,0005701,0052
閖上,アカガイ,生鮮,小型底曳網・桁あみ,動力船３トン以上５トン未満,0,2017/11/20,13.3,44763,7,3688,2319,3365.6,0005803,0052
閖上,アカガイ,生鮮,小型底曳網・桁あみ,動力船３トン以上５トン未満,0,2017/11/20,38,119690,7,3288,3011,3149.7,0005804,0052
閖上,アカガイ,生鮮,小型底曳網・桁あみ,動力船３トン以上５トン未満,0,2017/11/20,178.9,181166,7,1688,801,1012.7,0005805,0052
閖上,アカガイ,生鮮,小型底曳網・桁あみ,動力船３トン以上５トン未満,0,2017/11/20,18.3,11422,7,720,603,624.2,0005806,0052
閖上,その他の巻き貝,生鮮,小型底曳網・桁あみ,動力船３トン以上５トン未満,0,2017/11/20,0.4,140,1,350,350,350,0005815,0052
閖上,にべ・ぐち(いしもち),生鮮,小型底曳網・桁あみ,動力船３トン以上５トン未満,0,2017/11/20,1.2,60,2,50,50,50,0005966,0052
閖上,ガザミ,生鮮,小型底曳網・桁あみ,動力船３トン以上５トン未満,0,2017/11/20,188.4,63815,7,358,280,338.7,0006046,0052
閖上,コチ,生鮮,小型底曳網・桁あみ,動力船３トン以上５トン未満,0,2017/11/20,7.7,3092,6,600,300,401.6,0006088,0052
閖上,ひらめ,生鮮,小型底曳網・桁あみ,動力船３トン以上５トン未満,0,2017/11/20,10.7,6602,3,700,400,617,0006224,0052
閖上,スズキ累計,生鮮,小型底曳網・桁あみ,動力船３トン以上５トン未満,0,2017/10/05,1.7,340,1,200,200,200,,
閖上,ヒラメ累計,生鮮,小型底曳網・桁あみ,動力船３トン以上５トン未満,0,2017/06/28,14.2,5345,7,500,321,376,,
閖上,ヒラメ累計,生鮮,小型底曳網・桁あみ,動力船３トン以上５トン未満,0,2017/06/15,41.3,20600,7,519,450,499,,
閖上,ヒラメ累計,生鮮,小型底曳網・桁あみ,動力船３トン以上５トン未満,0,2017/06/01,20.5,8710,6,500,150,425,,
閖上,イカナゴ累計,生鮮,敷網・火光利用(ランプ網),動力船１０トン以上２０トン未満,0,2017/05/02,787.5,354375,1,450,450,450,,
閖上,イカナゴ累計,生鮮,敷網・火光利用(ランプ網),動力船３トン以上５トン未満,0,2017/05/02,2160,918000,1,450,350,425,,
閖上,ヒラメ累計,生鮮,小型底曳網・桁あみ,動力船３トン以上５トン未満,0,2017/05/02,1.7,1360,1,800,800,800,,
閖上,ヒラメ累計,生鮮,小型底曳網・桁あみ,動力船３トン以上５トン未満,0,2017/10/05,10.9,6600,5,1000,500,606,,
閖上,カタクチイワシ累計,生鮮,船曳網・その他,動力船３トン以上５トン未満,0,2017/10/04,265.2,71086,1,600,130,268,,
閖上,カタクチイワシ累計,生鮮,船曳網・その他,動力船１０００トン以上,0,2017/10/04,785.7,376708,2,750,150,480,,
閖上,ヒラメ累計,生鮮,小型底曳網・桁あみ,動力船３トン以上５トン未満,0,2017/06/14,29.7,12690,9,500,350,427,,
閖上,ヒラメ累計,生鮮,小型底曳網・桁あみ,動力船３トン以上５トン未満,0,2017/05/19,8,4800,2,600,600,600,,
閖上,マコガレイ,生鮮,小型底曳網・桁あみ,動力船３トン以上５トン未満,0,2017/11/22,4.2,1260,2,300,300,300,0005331,0052
閖上,アカシタビラメ,生鮮,小型底曳網・桁あみ,動力船３トン以上５トン未満,0,2017/11/22,20.4,3905,5,200,150,191.4,0005392,0052
閖上,アカガイ,生鮮,小型底曳網・桁あみ,動力船３トン以上５トン未満,0,2017/11/22,43,149590,4,3900,3100,3478.8,0005803,0052
閖上,アカガイ,生鮮,小型底曳網・桁あみ,動力船３トン以上５トン未満,0,2017/11/22,90,88620,6,1800,850,984.7,0005805,0052
閖上,アカガイ,生鮮,小型底曳網・桁あみ,動力船３トン以上５トン未満,0,2017/11/22,2.8,2240,2,800,800,800,0005806,0052
閖上,ホッキガイ,生鮮,小型底曳網・桁あみ,動力船３トン以上５トン未満,0,2017/11/22,60.1,18030,1,300,300,300,0005827,0051
閖上,ガザミ,生鮮,小型底曳網・桁あみ,動力船３トン以上５トン未満,0,2017/11/22,166.9,58415,7,350,350,350,0006046,0052
閖上,コチ,生鮮,小型底曳網・桁あみ,動力船３トン以上５トン未満,0,2017/11/22,5.1,1430,3,300,200,280.4,0006088,0052
閖上,ひらめ,生鮮,小型底曳網・桁あみ,動力船３トン以上５トン未満,0,2017/11/22,14.2,7100,4,500,500,500,0006224,0052
閖上,ヒラメ累計,生鮮,小型底曳網・桁あみ,動力船３トン以上５トン未満,0,2017/10/04,9.6,5360,3,600,350,558,,
閖上,カタクチイワシ累計,生鮮,船曳網・その他,動力船３トン以上５トン未満,0,2017/10/03,592.4,100708,1,170,170,170,,
閖上,カタクチイワシ累計,生鮮,船曳網・その他,動力船１０００トン以上,0,2017/10/03,870.2,254623,2,650,170,293,,
閖上,ヒラメ累計,活魚,刺網全漁法,動力船３トン以上５トン未満,0,2017/07/10,64.4,57960,2,900,900,900,,
閖上,ヒラメ累計,生鮮,刺網全漁法,動力船３トン以上５トン未満,0,2017/07/10,4,2000,1,500,500,500,,
閖上,ヒラメ累計,生鮮,小型底曳網・桁あみ,動力船３トン以上５トン未満,0,2017/05/31,14,3500,1,250,250,250,,
閖上,イカナゴ累計,生鮮,敷網・火光利用(ランプ網),動力船１０トン以上２０トン未満,0,2017/05/18,427.5,94050,1,220,220,220,,
閖上,イカナゴ累計,生鮮,敷網・火光利用(ランプ網),動力船３トン以上５トン未満,0,2017/05/18,978.5,220110,2,230,220,225,,
閖上,ヒラメ累計,生鮮,小型底曳網・桁あみ,動力船３トン以上５トン未満,0,2017/05/01,6.5,5520,1,900,800,849,,
閖上,イシガレイ,生鮮,刺網全漁法,動力船３トン以上５トン未満,0,2017/07/20,5.4,2160,1,400,400,400,0005306,0008
閖上,ホシガレイ,活魚,刺網全漁法,動力船３トン以上５トン未満,0,2017/07/20,1.1,5500,1,5000,5000,5000,0005324,0008
閖上,マガレイ,生鮮,刺網全漁法,動力船３トン以上５トン未満,0,2017/07/20,3.8,950,1,250,250,250,0005329,0008
閖上,マコガレイ,活魚,刺網全漁法,動力船３トン以上５トン未満,0,2017/07/20,11.2,30240,1,2700,2700,2700,0005331,0008
閖上,ガザミ,活魚,刺網全漁法,動力船３トン以上５トン未満,0,2017/07/20,11,11000,1,1000,1000,1000,0006046,0008
閖上,ガザミ,活魚,せん漁業,動力船３トン以上５トン未満,0,2017/07/20,223,134700,2,1000,300,604,0006046,0074
閖上,ガザミ,生鮮,刺網全漁法,動力船３トン以上５トン未満,0,2017/07/20,113.4,61460,4,600,400,542,0006046,0008
閖上,ヒラツメガニ,活魚,せん漁業,動力船３トン以上５トン未満,0,2017/07/20,12,3600,2,300,300,300,0006052,0074
閖上,ヒラツメガニ,生鮮,刺網全漁法,動力船３トン以上５トン未満,0,2017/07/20,5.4,2160,3,400,400,400,0006052,0008
閖上,マダイ,活魚,刺網全漁法,動力船３トン以上５トン未満,0,2017/07/20,2,3000,1,1500,1500,1500,0006160,0008
閖上,ひらめ,活魚,刺網全漁法,動力船３トン以上５トン未満,0,2017/07/20,23.7,23700,1,1000,1000,1000,0006224,0008
閖上,ひらめ,生鮮,刺網全漁法,動力船３トン以上５トン未満,0,2017/07/20,3.4,2380,2,700,700,700,0006224,0008
閖上,ホウボウ,生鮮,刺網全漁法,動力船３トン以上５トン未満,0,2017/07/20,3,450,1,150,150,150,0006246,0008
閖上,スズキ累計,生鮮,小型底曳網・桁あみ,動力船３トン以上５トン未満,0,2017/10/03,4.3,2150,1,500,500,500,,
閖上,ヒラメ累計,生鮮,小型底曳網・桁あみ,動力船３トン以上５トン未満,0,2017/06/26,58.1,22484,15,550,250,387,,
閖上,ヒラメ累計,生鮮,小型底曳網・桁あみ,動力船３トン以上５トン未満,0,2017/05/30,44.3,22150,6,500,500,500,,
閖上,ヒラメ累計,生鮮,小型底曳網・桁あみ,動力船３トン以上５トン未満,0,2017/05/18,17,7862,6,700,320,462,,
閖上,イカナゴ累計,生鮮,敷網・火光利用(ランプ網),動力船１０トン以上２０トン未満,0,2017/04/28,2112,696960,1,330,330,330,,
閖上,イカナゴ累計,生鮮,敷網・火光利用(ランプ網),動力船３トン以上５トン未満,0,2017/04/28,2208,728640,1,330,330,330,,
閖上,ヒラメ累計,生鮮,小型底曳網・桁あみ,動力船３トン以上５トン未満,0,2017/04/28,3,2400,1,800,800,800,,
閖上,カタクチイワシ累計,生鮮,船曳網・その他,動力船３トン以上５トン未満,0,2017/10/02,561.3,118531,1,500,170,211,,
閖上,カタクチイワシ累計,生鮮,船曳網・その他,動力船１０００トン以上,0,2017/10/02,1300.4,242278,1,380,170,186,,
閖上,ヒラメ累計,生鮮,小型底曳網・桁あみ,動力船３トン以上５トン未満,0,2017/06/12,121.4,58114,20,610,420,479,,
閖上,イカナゴ累計,生鮮,敷網・火光利用(ランプ網),動力船１０トン以上２０トン未満,0,2017/05/17,1316,302680,1,230,230,230,,
閖上,イカナゴ累計,生鮮,敷網・火光利用(ランプ網),動力船３トン以上５トン未満,0,2017/05/17,1316,302680,1,230,230,230,,
閖上,ヒラメ累計,生鮮,小型底曳網・桁あみ,動力船３トン以上５トン未満,0,2017/05/17,4.9,2930,2,700,500,598,,
閖上,イカナゴ累計,生鮮,敷網・火光利用(ランプ網),動力船１０トン以上２０トン未満,0,2017/04/27,1552.5,543375,1,350,350,350,,
閖上,イカナゴ累計,生鮮,敷網・火光利用(ランプ網),動力船３トン以上５トン未満,0,2017/04/27,855,299250,1,350,350,350,,
閖上,ヒラメ累計,生鮮,小型底曳網・桁あみ,動力船３トン以上５トン未満,0,2017/04/27,1.7,680,1,400,400,400,,
閖上,アカシタビラメ,生鮮,小型底曳網・桁あみ,動力船３トン以上５トン未満,0,2017/10/06,2.3,460,1,200,200,200,0005392,0052
閖上,アカガイ,生鮮,小型底曳網・桁あみ,動力船３トン以上５トン未満,0,2017/10/06,52.2,150180,3,3200,1600,2877,0005803,0052
閖上,アカガイ,生鮮,小型底曳網・桁あみ,動力船３トン以上５トン未満,0,2017/10/06,24.6,63960,3,2600,2600,2600,0005804,0052
閖上,スズキ累計,生鮮,小型底曳網・桁あみ,動力船３トン以上５トン未満,0,2017/10/02,2.3,550,1,239,239,239,,
閖上,ヒラメ累計,生鮮,小型底曳網・桁あみ,動力船３トン以上５トン未満,0,2017/05/29,70.1,32598,13,500,430,465,,
閖上,ヒラメ累計,生鮮,小型底曳網・桁あみ,動力船３トン以上５トン未満,0,2017/05/16,2.5,1750,1,700,700,700,,
閖上,イカナゴ累計,生鮮,敷網・火光利用(ランプ網),動力船１０トン以上２０トン未満,0,2017/04/26,765,382500,1,500,500,500,,
閖上,イカナゴ累計,生鮮,敷網・火光利用(ランプ網),動力船３トン以上５トン未満,0,2017/04/26,1800,761625,1,500,150,423,,
閖上,イシガレイ,生鮮,小型底曳網・桁あみ,動力船３トン以上５トン未満,0,2017/11/30,11.5,4600,2,400,400,400,0005306,0052
閖上,マコガレイ,生鮮,小型底曳網・桁あみ,動力船３トン以上５トン未満,0,2017/11/30,10.5,3150,2,300,300,300,0005331,0052
閖上,アカシタビラメ,生鮮,小型底曳網・桁あみ,動力船３トン以上５トン未満,0,2017/11/30,17.8,3210,5,200,130,180.3,0005392,0052
閖上,アカガイ,生鮮,小型底曳網・桁あみ,動力船３トン以上５トン未満,0,2017/11/30,35.9,119030,3,3600,2500,3315.6,0005803,0052
閖上,アカガイ,生鮮,小型底曳網・桁あみ,動力船３トン以上５トン未満,0,2017/11/30,22.2,51060,3,2300,2300,2300,0005804,0052
閖上,アカガイ,生鮮,小型底曳網・桁あみ,動力船３トン以上５トン未満,0,2017/11/30,48.9,59550,3,1700,800,1217.8,0005805,0052
閖上,アカガイ,生鮮,小型底曳網・桁あみ,動力船３トン以上５トン未満,0,2017/11/30,4.7,2820,2,600,600,600,0005806,0052
閖上,ホッキガイ,生鮮,小型底曳網・桁あみ,動力船３トン以上５トン未満,0,2017/11/30,205,55610,4,320,130,271.3,0005827,0051
閖上,コタマガイ,生鮮,小型底曳網・桁あみ,動力船３トン以上５トン未満,0,2017/11/30,63,20790,2,330,330,330,0005832,0051
閖上,ガザミ,生鮮,小型底曳網・桁あみ,動力船３トン以上５トン未満,0,2017/11/30,271.5,89150,6,350,300,328.4,0006046,0052
閖上,コチ,生鮮,小型底曳網・桁あみ,動力船３トン以上５トン未満,0,2017/11/30,16.8,7290,5,500,200,433.9,0006088,0052
閖上,ひらめ,生鮮,小型底曳網・桁あみ,動力船３トン以上５トン未満,0,2017/11/30,22.2,11760,5,800,500,529.7,0006224,0052
閖上,その他のさかな,生鮮,小型底曳網・桁あみ,動力船３トン以上５トン未満,0,2017/11/30,9,1200,2,150,100,133.3,0006399,0052
閖上,アカガイ,生鮮,小型底曳網・桁あみ,動力船３トン以上５トン未満,0,2017/10/06,50.7,66940,3,1700,1000,1320.3,0005805,0052
閖上,アカガイ,生鮮,小型底曳網・桁あみ,動力船３トン以上５トン未満,0,2017/10/06,3.5,1750,1,500,500,500,0005806,0052
閖上,ガザミ,生鮮,小型底曳網・桁あみ,動力船３トン以上５トン未満,0,2017/10/06,109.1,24060,5,300,200,220.5,0006046,0052
閖上,コチ,生鮮,小型底曳網・桁あみ,動力船３トン以上５トン未満,0,2017/10/06,5.1,1330,3,300,100,260.8,0006088,0052
閖上,ひらめ,生鮮,小型底曳網・桁あみ,動力船３トン以上５トン未満,0,2017/10/06,6.3,3610,3,1000,400,573,0006224,0052
閖上,ヒラメ累計,生鮮,船曳網・その他,動力船１０００トン以上,0,2017/10/02,5,3500,1,700,700,700,,
閖上,ヒラメ累計,生鮮,小型底曳網・桁あみ,動力船３トン以上５トン未満,0,2017/10/02,48,30804,11,889,400,642,,
閖上,ヒラメ累計,生鮮,小型底曳網・桁あみ,動力船３トン以上５トン未満,0,2017/06/23,3.4,1936,2,580,550,569,,
閖上,スズキ累計,生鮮,小型底曳網・桁あみ,動力船３トン以上５トン未満,0,2017/06/22,2.3,1150,1,500,500,500,,
閖上,イカナゴ累計,生鮮,敷網・火光利用(ランプ網),動力船１０トン以上２０トン未満,0,2017/05/15,2300,529000,1,230,230,230,,
閖上,イカナゴ累計,生鮮,敷網・火光利用(ランプ網),動力船３トン以上５トン未満,0,2017/05/15,2060,515000,1,250,250,250,,
閖上,イカナゴ累計,生鮮,敷網・火光利用(ランプ網),動力船１０トン以上２０トン未満,0,2017/04/25,1530,528750,1,450,150,346,,
閖上,イカナゴ累計,生鮮,敷網・火光利用(ランプ網),動力船３トン以上５トン未満,0,2017/04/25,922.5,327375,1,450,200,355,,
閖上,スズキ累計,生鮮,小型底曳網・桁あみ,動力船３トン以上５トン未満,0,2017/06/21,2.7,1239,1,459,459,459,,
閖上,ヒラメ累計,生鮮,小型底曳網・桁あみ,動力船３トン以上５トン未満,0,2017/06/09,16.2,6966,3,430,430,430,,
閖上,イカナゴ累計,生鮮,敷網・火光利用(ランプ網),動力船１０トン以上２０トン未満,0,2017/04/14,623,286190,1,600,300,459,,
閖上,イカナゴ累計,生鮮,敷網・火光利用(ランプ網),動力船３トン以上５トン未満,0,2017/04/14,421.8,220350,1,800,150,522,,
閖上,イシガレイ,生鮮,小型底曳網・桁あみ,動力船３トン以上５トン未満,0,2017/12/04,51.1,10744,7,230,200,210.3,0005306,0052
閖上,マコガレイ,生鮮,小型底曳網・桁あみ,動力船３トン以上５トン未満,0,2017/12/04,54.2,12560,13,400,150,231.7,0005331,0052
閖上,アカシタビラメ,生鮮,小型底曳網・桁あみ,動力船３トン以上５トン未満,0,2017/12/04,54.6,7775,14,150,121,142.4,0005392,0052
閖上,マダコ,生鮮,小型底曳網・桁あみ,動力船３トン以上５トン未満,0,2017/12/04,2.5,1750,1,700,700,700,0005502,0052
閖上,シャコ,生鮮,小型底曳網・桁あみ,動力船３トン以上５トン未満,0,2017/12/04,3.8,636,4,180,100,167.4,0005701,0052
閖上,アカガイ,生鮮,小型底曳網・桁あみ,動力船３トン以上５トン未満,0,2017/12/04,122.4,344184,18,3721,1260,2812,0005803,0052
閖上,アカガイ,生鮮,小型底曳網・桁あみ,動力船３トン以上５トン未満,0,2017/12/04,127.8,332793,18,3333,800,2604,0005804,0052
閖上,アカガイ,生鮮,小型底曳網・桁あみ,動力船３トン以上５トン未満,0,2017/12/04,267,281828,17,1761,650,1055.5,0005805,0052
閖上,アカガイ,生鮮,小型底曳網・桁あみ,動力船３トン以上５トン未満,0,2017/12/04,35,20314,14,680,501,580.4,0005806,0052
閖上,その他の巻き貝,生鮮,せん漁業,動力船１０００トン以上,0,2017/12/04,219.5,43900,2,200,200,200,0005815,0074
閖上,ホッキガイ,生鮮,小型底曳網・桁あみ,動力船３トン以上５トン未満,0,2017/12/04,205,50400,3,300,150,245.9,0005827,0051
閖上,コタマガイ,生鮮,小型底曳網・桁あみ,動力船３トン以上５トン未満,0,2017/12/04,57,18810,2,330,330,330,0005832,0051
閖上,ガザミ,生鮮,小型底曳網・桁あみ,動力船３トン以上５トン未満,0,2017/12/04,1335.4,455082,18,356,275,340.8,0006046,0052
閖上,コチ,生鮮,小型底曳網・桁あみ,動力船３トン以上５トン未満,0,2017/12/04,9.8,2827,7,400,153,288.5,0006088,0052
閖上,ひらめ,生鮮,小型底曳網・桁あみ,動力船３トン以上５トン未満,0,2017/12/04,50.9,24327,11,600,230,477.9,0006224,0052
閖上,クサフグ,生鮮,小型底曳網・桁あみ,動力船３トン以上５トン未満,0,2017/12/04,1.3,397,1,305,305,305.4,0006232,0052
閖上,その他のさかな,生鮮,小型底曳網・桁あみ,動力船３トン以上５トン未満,0,2017/12/04,2.1,210,2,100,100,100,0006399,0052
閖上,ヒラメ累計,生鮮,小型底曳網・桁あみ,動力船３トン以上５トン未満,0,2017/04/12,2.5,2000,1,800,800,800,,
閖上,マコガレイ,生鮮,小型底曳網・桁あみ,動力船３トン以上５トン未満,0,2017/11/09,8.1,2300,3,300,250,284,0005331,0052
閖上,アカシタビラメ,生鮮,小型底曳網・桁あみ,動力船３トン以上５トン未満,0,2017/11/09,19.1,3455,5,200,150,180.9,0005392,0052
閖上,アカガイ,生鮮,小型底曳網・桁あみ,動力船３トン以上５トン未満,0,2017/11/09,38.5,125100,3,3500,3000,3249.4,0005803,0052
閖上,アカガイ,生鮮,小型底曳網・桁あみ,動力船３トン以上５トン未満,0,2017/11/09,19.8,49500,3,2500,2500,2500,0005804,0052
閖上,アカガイ,生鮮,小型底曳網・桁あみ,動力船３トン以上５トン未満,0,2017/11/09,33.7,38150,3,1500,700,1132,0005805,0052
閖上,アカガイ,生鮮,小型底曳網・桁あみ,動力船３トン以上５トン未満,0,2017/11/09,2,1000,1,500,500,500,0005806,0052
閖上,ガザミ,生鮮,小型底曳網・桁あみ,動力船３トン以上５トン未満,0,2017/11/09,142.6,40785,6,350,200,286,0006046,0052
閖上,コチ,生鮮,小型底曳網・桁あみ,動力船３トン以上５トン未満,0,2017/11/09,9.6,3285,4,500,150,342.2,0006088,0052
閖上,ひらめ,生鮮,小型底曳網・桁あみ,動力船３トン以上５トン未満,0,2017/11/09,12.5,6870,4,600,300,549.6,0006224,0052
閖上,イカナゴ累計,生鮮,敷網・火光利用(ランプ網),動力船１０トン以上２０トン未満,0,2017/04/11,0,0,5,1500,300,0,,
閖上,イカナゴ累計,生鮮,敷網・火光利用(ランプ網),動力船１０トン以上２０トン未満,0,2017/04/10,2024,1527475,3,1500,300,755,,
閖上,イカナゴ累計,生鮮,敷網・火光利用(ランプ網),動力船３トン以上５トン未満,0,2017/04/10,1660,1210075,1,1500,100,729,,
閖上,イシガレイ,生鮮,小型底曳網・桁あみ,動力船３トン以上５トン未満,0,2017/12/08,1.6,400,1,250,250,250,0005306,0052
閖上,ホシガレイ,生鮮,小型底曳網・桁あみ,動力船３トン以上５トン未満,0,2017/12/08,1,700,1,700,700,700,0005324,0052
閖上,マコガレイ,生鮮,小型底曳網・桁あみ,動力船３トン以上５トン未満,0,2017/12/08,11.2,3510,4,400,300,313.4,0005331,0052
閖上,アカシタビラメ,生鮮,小型底曳網・桁あみ,動力船３トン以上５トン未満,0,2017/12/08,26,4560,5,200,120,175.4,0005392,0052
閖上,アカガイ,生鮮,小型底曳網・桁あみ,動力船３トン以上５トン未満,0,2017/12/08,17.5,56000,3,3200,3200,3200,0005803,0052
閖上,アカガイ,生鮮,小型底曳網・桁あみ,動力船３トン以上５トン未満,0,2017/12/08,17.7,46020,3,2600,2600,2600,0005804,0052
閖上,アカガイ,生鮮,小型底曳網・桁あみ,動力船３トン以上５トン未満,0,2017/12/08,29.8,40620,3,1700,700,1363.1,0005805,0052
閖上,アカガイ,生鮮,小型底曳網・桁あみ,動力船３トン以上５トン未満,0,2017/12/08,2.2,1100,2,500,500,500,0005806,0052
閖上,その他の巻き貝,生鮮,せん漁業,動力船１０００トン以上,0,2017/12/08,78,15600,1,200,200,200,0005815,0074
閖上,ホッキガイ,生鮮,小型底曳網・桁あみ,動力船３トン以上５トン未満,0,2017/12/08,169,44250,2,300,150,261.8,0005827,0051
閖上,コタマガイ,生鮮,小型底曳網・桁あみ,動力船３トン以上５トン未満,0,2017/12/08,26.5,8745,1,330,330,330,0005832,0051
閖上,ガザミ,生鮮,小型底曳網・桁あみ,動力船３トン以上５トン未満,0,2017/12/08,121.5,45015,5,380,350,370.5,0006046,0052
閖上,コチ,生鮮,小型底曳網・桁あみ,動力船３トン以上５トン未満,0,2017/12/08,3.3,1125,2,400,250,340.9,0006088,0052
閖上,ひらめ,生鮮,小型底曳網・桁あみ,動力船３トン以上５トン未満,0,2017/12/08,15.1,8330,5,600,300,551.7,0006224,0052
閖上,クサフグ,生鮮,小型底曳網・桁あみ,動力船３トン以上５トン未満,0,2017/12/08,3.5,350,2,100,100,100,0006232,0052
閖上,イシガレイ,生鮮,小型底曳網・桁あみ,動力船３トン以上５トン未満,0,2017/12/15,45.3,12550,5,300,170,277,0005306,0052
閖上,マコガレイ,生鮮,小型底曳網・桁あみ,動力船３トン以上５トン未満,0,2017/12/15,8.1,2360,4,300,280,291.4,0005331,0052
閖上,アカシタビラメ,生鮮,小型底曳網・桁あみ,動力船３トン以上５トン未満,0,2017/12/15,25.8,4097,7,200,121,158.8,0005392,0052
閖上,シャコ,生鮮,小型底曳網・桁あみ,動力船３トン以上５トン未満,0,2017/12/15,10.1,1818,4,180,180,180,0005701,0052
閖上,アカガイ,生鮮,小型底曳網・桁あみ,動力船３トン以上５トン未満,0,2017/12/15,68,157275,10,3310,1111,2312.9,0005803,0052
閖上,アカガイ,生鮮,小型底曳網・桁あみ,動力船３トン以上５トン未満,0,2017/12/15,87.4,173299,10,2400,1631,1982.8,0005804,0052
閖上,アカガイ,生鮮,小型底曳網・桁あみ,動力船３トン以上５トン未満,0,2017/12/15,171.3,137678,10,1200,531,803.7,0005805,0052
閖上,アカガイ,生鮮,小型底曳網・桁あみ,動力船３トン以上５トン未満,0,2017/12/15,19.8,7665,6,400,381,387.1,0005806,0052
閖上,その他の巻き貝,生鮮,小型底曳網・桁あみ,動力船３トン以上５トン未満,0,2017/12/15,1.4,434,2,310,310,310,0005815,0052
閖上,ホッキガイ,生鮮,小型底曳網・桁あみ,動力船３トン以上５トン未満,0,2017/12/15,137.1,31570,2,350,120,230.3,0005827,0051
閖上,コタマガイ,生鮮,小型底曳網・桁あみ,動力船３トン以上５トン未満,0,2017/12/15,74.9,19080,2,300,200,254.7,0005832,0051
閖上,ガザミ,生鮮,小型底曳網・桁あみ,動力船３トン以上５トン未満,0,2017/12/15,243.3,88675,9,443,319,364.5,0006046,0052
閖上,ヒラツメガニ,生鮮,せん漁業,動力船１０００トン以上,0,2017/12/15,20,5000,1,250,250,250,0006052,0074
閖上,コチ,生鮮,小型底曳網・桁あみ,動力船３トン以上５トン未満,0,2017/12/15,3.2,1200,2,500,300,375,0006088,0052
閖上,ひらめ,生鮮,小型底曳網・桁あみ,動力船３トン以上５トン未満,0,2017/12/15,25.5,12099,7,600,100,474.5,0006224,0052
閖上,イシガレイ,生鮮,小型底曳網・桁あみ,動力船３トン以上５トン未満,0,2017/12/07,7.6,767,2,110,100,100.9,0005306,0052
閖上,マコガレイ,生鮮,小型底曳網・桁あみ,動力船３トン以上５トン未満,0,2017/12/07,1.1,561,1,510,510,510,0005331,0052
閖上,アカシタビラメ,生鮮,小型底曳網・桁あみ,動力船３トン以上５トン未満,0,2017/12/07,9.4,1755,3,310,120,186.7,0005392,0052
閖上,シャコ,生鮮,小型底曳網・桁あみ,動力船３トン以上５トン未満,0,2017/12/07,9.9,2279,4,430,200,230.2,0005701,0052
閖上,アカガイ,生鮮,小型底曳網・桁あみ,動力船１０００トン以上,0,2017/12/07,150,277500,1,1850,1850,1850,0005803,0052
閖上,アカガイ,生鮮,小型底曳網・桁あみ,動力船３トン以上５トン未満,0,2017/12/07,28.9,87103,7,3199,1510,3013.9,0005803,0052
閖上,アカガイ,生鮮,小型底曳網・桁あみ,動力船３トン以上５トン未満,0,2017/12/07,74.2,146629,7,2589,1519,1976.1,0005804,0052
閖上,アカガイ,生鮮,小型底曳網・桁あみ,動力船３トン以上５トン未満,0,2017/12/07,134.9,96596,7,1299,550,716.1,0005805,0052
閖上,アカガイ,生鮮,小型底曳網・桁あみ,動力船１０００トン以上,0,2017/12/07,12,7200,1,600,600,600,0005806,0052
閖上,アカガイ,生鮮,小型底曳網・桁あみ,動力船３トン以上５トン未満,0,2017/12/07,23.8,12932,7,730,510,543.4,0005806,0052
閖上,ガザミ,生鮮,小型底曳網・桁あみ,動力船１０００トン以上,0,2017/12/07,41.6,10816,1,260,260,260,0006046,0052
閖上,ガザミ,生鮮,小型底曳網・桁あみ,動力船３トン以上５トン未満,0,2017/12/07,28.4,10935,3,385,385,385,0006046,0052
閖上,コチ,生鮮,小型底曳網・桁あみ,動力船３トン以上５トン未満,0,2017/12/07,0.7,266,1,380,380,380,0006088,0052
閖上,ひらめ,生鮮,小型底曳網・桁あみ,動力船３トン以上５トン未満,0,2017/12/07,5,3718,2,780,710,743.6,0006224,0052
閖上,ヒラメ累計,生鮮,小型底曳網・桁あみ,動力船３トン以上５トン未満,0,2017/04/10,10.8,9210,2,960,531,853,,
閖上,スズキ累計,生鮮,小型底曳網・桁あみ,動力船３トン以上５トン未満,0,2017/04/05,5.3,530,1,100,100,100,,
閖上,ヒラメ累計,生鮮,小型底曳網・桁あみ,動力船３トン以上５トン未満,0,2017/04/05,11,7075,4,800,500,643,,
閖上,マダラ累計,生鮮,小型底曳網・桁あみ,動力船３トン以上５トン未満,0,2017/04/03,4.2,630,1,150,150,150,,
閖上,イシガレイ,生鮮,小型底曳網・桁あみ,動力船３トン以上５トン未満,0,2017/12/12,1.5,300,1,200,200,200,0005306,0052
閖上,マコガレイ,生鮮,小型底曳網・桁あみ,動力船３トン以上５トン未満,0,2017/12/12,4.7,1410,3,300,300,300,0005331,0052
閖上,アカシタビラメ,生鮮,小型底曳網・桁あみ,動力船３トン以上５トン未満,0,2017/12/12,21.8,3688,7,200,120,169.2,0005392,0052
閖上,アカガイ,生鮮,小型底曳網・桁あみ,動力船３トン以上５トン未満,0,2017/12/12,23.3,72230,4,3100,3100,3100,0005803,0052
閖上,アカガイ,生鮮,小型底曳網・桁あみ,動力船３トン以上５トン未満,0,2017/12/12,28.9,52020,4,1800,1800,1800,0005804,0052
閖上,アカガイ,生鮮,小型底曳網・桁あみ,動力船３トン以上５トン未満,0,2017/12/12,56.1,65520,4,1500,600,1167.9,0005805,0052
閖上,アカガイ,生鮮,小型底曳網・桁あみ,動力船３トン以上５トン未満,0,2017/12/12,5.8,2320,4,400,400,400,0005806,0052
閖上,ガザミ,生鮮,小型底曳網・桁あみ,動力船３トン以上５トン未満,0,2017/12/12,93.5,32725,10,350,350,350,0006046,0052
閖上,コチ,生鮮,小型底曳網・桁あみ,動力船３トン以上５トン未満,0,2017/12/12,4.8,1460,4,400,200,304.2,0006088,0052
閖上,ひらめ,生鮮,小型底曳網・桁あみ,動力船３トン以上５トン未満,0,2017/12/12,45,25050,9,600,500,556.7,0006224,0052
閖上,イカナゴ累計,生鮮,敷網・火光利用(ランプ網),動力船３トン以上５トン未満,0,2017/04/03,204,155780,1,1300,600,764,,
閖上,ヒラメ累計,生鮮,小型底曳網・桁あみ,動力船３トン以上５トン未満,0,2017/04/03,12.9,10126,3,1000,620,785,,
閖上,イシガレイ,生鮮,小型底曳網・桁あみ,動力船３トン以上５トン未満,0,2017/12/05,31,9300,3,300,300,300,0005306,0052
閖上,マコガレイ,生鮮,小型底曳網・桁あみ,動力船３トン以上５トン未満,0,2017/12/05,7.8,2340,3,300,300,300,0005331,0052
閖上,アカシタビラメ,生鮮,小型底曳網・桁あみ,動力船３トン以上５トン未満,0,2017/12/05,17.3,3460,3,200,200,200,0005392,0052
閖上,マダコ,生鮮,小型底曳網・桁あみ,動力船３トン以上５トン未満,0,2017/12/05,3.6,2520,1,700,700,700,0005502,0052
閖上,その他の巻き貝,生鮮,せん漁業,動力船１０００トン以上,0,2017/12/05,48.5,9700,1,200,200,200,0005815,0074
閖上,ホッキガイ,生鮮,小型底曳網・桁あみ,動力船３トン以上５トン未満,0,2017/12/05,96,28800,1,300,300,300,0005827,0051
閖上,ガザミ,生鮮,小型底曳網・桁あみ,動力船３トン以上５トン未満,0,2017/12/05,248,86800,3,350,350,350,0006046,0052
閖上,コチ,生鮮,小型底曳網・桁あみ,動力船３トン以上５トン未満,0,2017/12/05,2.5,750,2,300,300,300,0006088,0052
閖上,ひらめ,生鮮,小型底曳網・桁あみ,動力船３トン以上５トン未満,0,2017/12/05,7.4,3700,2,500,500,500,0006224,0052
閖上,イシガレイ,生鮮,刺網全漁法,動力船３トン以上５トン未満,0,2017/07/21,3.2,1280,1,400,400,400,0005306,0008
閖上,マガレイ,生鮮,刺網全漁法,動力船３トン以上５トン未満,0,2017/07/21,4.5,1125,1,250,250,250,0005329,0008
閖上,マコガレイ,活魚,刺網全漁法,動力船３トン以上５トン未満,0,2017/07/21,5.4,14040,1,2600,2600,2600,0005331,0008
閖上,メイタガレイ,生鮮,刺網全漁法,動力船３トン以上５トン未満,0,2017/07/21,1.1,550,1,500,500,500,0005359,0008
閖上,アイナメ,活魚,刺網全漁法,動力船３トン以上５トン未満,0,2017/07/21,1.6,1280,1,800,800,800,0005902,0008
閖上,ガザミ,活魚,せん漁業,動力船３トン以上５トン未満,0,2017/07/21,177.9,104955,2,1000,300,590,0006046,0074
閖上,ガザミ,生鮮,刺網全漁法,動力船３トン以上５トン未満,0,2017/07/21,42.5,24350,3,600,500,572.9,0006046,0008
閖上,ヒラツメガニ,活魚,せん漁業,動力船３トン以上５トン未満,0,2017/07/21,2.6,780,1,300,300,300,0006052,0074
閖上,ヒラツメガニ,生鮮,刺網全漁法,動力船３トン以上５トン未満,0,2017/07/21,18.1,7240,3,400,400,400,0006052,0008
閖上,ひらめ,活魚,刺網全漁法,動力船３トン以上５トン未満,0,2017/07/21,80.3,80300,1,1000,1000,1000,0006224,0008
閖上,ひらめ,生鮮,刺網全漁法,動力船３トン以上５トン未満,0,2017/07/21,1.6,640,1,400,400,400,0006224,0008
閖上,ホウボウ,生鮮,刺網全漁法,動力船３トン以上５トン未満,0,2017/07/21,3,1200,1,400,400,400,0006246,0008
閖上,イシガレイ,生鮮,小型底曳網・桁あみ,動力船３トン以上５トン未満,0,2017/12/18,149.7,36123,8,300,160,241.3,0005306,0052
閖上,マコガレイ,生鮮,小型底曳網・桁あみ,動力船３トン以上５トン未満,0,2017/12/18,21.6,6895,7,400,300,319.2,0005331,0052
閖上,アカシタビラメ,生鮮,小型底曳網・桁あみ,動力船３トン以上５トン未満,0,2017/12/18,30.8,5812,6,200,160,188.7,0005392,0052
閖上,マダコ,生鮮,小型底曳網・桁あみ,動力船３トン以上５トン未満,0,2017/12/18,4.6,3220,2,700,700,700,0005502,0052
閖上,シャコ,生鮮,小型底曳網・桁あみ,動力船３トン以上５トン未満,0,2017/12/18,11.1,2443,4,358,186,220.1,0005701,0052
閖上,アカガイ,生鮮,小型底曳網・桁あみ,動力船３トン以上５トン未満,0,2017/12/18,71.1,168719,10,3431,1211,2373,0005803,0052
閖上,アカガイ,生鮮,小型底曳網・桁あみ,動力船３トン以上５トン未満,0,2017/12/18,127.3,244866,10,2531,1511,1923.5,0005804,0052
閖上,アカガイ,生鮮,小型底曳網・桁あみ,動力船３トン以上５トン未満,0,2017/12/18,226,204094,10,1539,589,903.1,0005805,0052
閖上,アカガイ,生鮮,小型底曳網・桁あみ,動力船３トン以上５トン未満,0,2017/12/18,35.7,15009,10,431,400,420.4,0005806,0052
閖上,その他の巻き貝,生鮮,小型底曳網・桁あみ,動力船３トン以上５トン未満,0,2017/12/18,2,602,2,301,301,301,0005815,0052
閖上,その他の巻き貝,生鮮,せん漁業,動力船１０００トン以上,0,2017/12/18,80,16400,1,300,200,205,0005815,0074
閖上,ホッキガイ,生鮮,小型底曳網・桁あみ,動力船３トン以上５トン未満,0,2017/12/18,88,17170,2,350,120,195.1,0005827,0051
閖上,コタマガイ,生鮮,小型底曳網・桁あみ,動力船３トン以上５トン未満,0,2017/12/18,78,19900,2,300,200,255.1,0005832,0051
閖上,ガザミ,生鮮,小型底曳網・桁あみ,動力船３トン以上５トン未満,0,2017/12/18,463.9,163960,9,369,350,353.4,0006046,0052
閖上,コチ,生鮮,小型底曳網・桁あみ,動力船３トン以上５トン未満,0,2017/12/18,1.9,760,2,400,400,400,0006088,0052
閖上,ひらめ,生鮮,小型底曳網・桁あみ,動力船３トン以上５トン未満,0,2017/12/18,13.6,6992,5,600,400,514.1,0006224,0052
閖上,マコガレイ,生鮮,小型底曳網・桁あみ,動力船３トン以上５トン未満,0,2017/11/06,5.3,1855,4,500,300,350,0005331,0052
閖上,アカシタビラメ,生鮮,小型底曳網・桁あみ,動力船３トン以上５トン未満,0,2017/11/06,46.7,8962,18,250,100,191.9,0005392,0052
閖上,アカガイ,生鮮,小型底曳網・桁あみ,動力船３トン以上５トン未満,0,2017/11/06,193.2,639445,30,4000,1941,3309.8,0005803,0052
閖上,アカガイ,生鮮,小型底曳網・桁あみ,動力船３トン以上５トン未満,0,2017/11/06,168.4,448168,30,3051,2311,2661.3,0005804,0052
閖上,アカガイ,生鮮,小型底曳網・桁あみ,動力船３トン以上５トン未満,0,2017/11/06,803.1,795183,30,1800,611,990.1,0005805,0052
閖上,アカガイ,生鮮,小型底曳網・桁あみ,動力船３トン以上５トン未満,0,2017/11/06,77.5,41023,23,670,380,529.3,0005806,0052
閖上,カタクチイワシ,生鮮,船曳網・その他,動力船１０００トン以上,0,2017/11/06,208,43425,2,700,40,208.8,0005974,0005
閖上,ガザミ,生鮮,小型底曳網・桁あみ,動力船３トン以上５トン未満,0,2017/11/06,816.9,212978,30,350,150,260.7,0006046,0052
閖上,コチ,生鮮,小型底曳網・桁あみ,動力船３トン以上５トン未満,0,2017/11/06,124.4,34753,25,600,131,279.4,0006088,0052
閖上,ひらめ,生鮮,小型底曳網・桁あみ,動力船３トン以上５トン未満,0,2017/11/06,66.2,33477,16,630,200,505.7,0006224,0052
閖上,イシガレイ,生鮮,小型底曳網・桁あみ,動力船３トン以上５トン未満,0,2017/12/14,6.9,1035,1,150,150,150,0005306,0052
閖上,マコガレイ,生鮮,小型底曳網・桁あみ,動力船３トン以上５トン未満,0,2017/12/14,0.6,186,1,310,310,310,0005331,0052
閖上,アカシタビラメ,生鮮,小型底曳網・桁あみ,動力船３トン以上５トン未満,0,2017/12/14,8.1,1215,3,150,150,150,0005392,0052
閖上,シャコ,生鮮,小型底曳網・桁あみ,動力船３トン以上５トン未満,0,2017/12/14,9.4,2350,5,250,250,250,0005701,0052
閖上,アカガイ,生鮮,小型底曳網・桁あみ,動力船３トン以上５トン未満,0,2017/12/14,21.2,63402,6,3291,1510,2990.7,0005803,0052
閖上,アカガイ,生鮮,小型底曳網・桁あみ,動力船３トン以上５トン未満,0,2017/12/14,44.2,82251,6,2369,1100,1860.9,0005804,0052
閖上,アカガイ,生鮮,小型底曳網・桁あみ,動力船３トン以上５トン未満,0,2017/12/14,132.9,102303,6,1310,660,769.8,0005805,0052
閖上,アカガイ,生鮮,小型底曳網・桁あみ,動力船３トン以上５トン未満,0,2017/12/14,19.3,7031,6,380,360,364.3,0005806,0052
閖上,その他の巻き貝,生鮮,せん漁業,動力船１０００トン以上,0,2017/12/14,68,13900,1,300,200,204.4,0005815,0074
閖上,ガザミ,生鮮,小型底曳網・桁あみ,動力船３トン以上５トン未満,0,2017/12/14,15.2,6917,2,455,455,455.1,0006046,0052
閖上,ひらめ,生鮮,小型底曳網・桁あみ,動力船３トン以上５トン未満,0,2017/12/14,3.2,1712,2,610,510,535,0006224,0052
閖上,マコガレイ,生鮮,小型底曳網・桁あみ,動力船３トン以上５トン未満,0,2017/11/28,10.8,3240,3,300,300,300,0005331,0052
閖上,アカシタビラメ,生鮮,小型底曳網・桁あみ,動力船３トン以上５トン未満,0,2017/11/28,22.5,4225,5,200,150,187.8,0005392,0052
閖上,マダコ,生鮮,小型底曳網・桁あみ,動力船３トン以上５トン未満,0,2017/11/28,1.5,750,1,500,500,500,0005502,0052
閖上,アカガイ,生鮮,小型底曳網・桁あみ,動力船３トン以上５トン未満,0,2017/11/28,30.1,107690,3,3900,2600,3577.7,0005803,0052
閖上,アカガイ,生鮮,小型底曳網・桁あみ,動力船３トン以上５トン未満,0,2017/11/28,14.3,42900,3,3000,3000,3000,0005804,0052
閖上,アカガイ,生鮮,小型底曳網・桁あみ,動力船３トン以上５トン未満,0,2017/11/28,27.6,41160,3,2000,1100,1491.3,0005805,0052
閖上,アカガイ,生鮮,小型底曳網・桁あみ,動力船３トン以上５トン未満,0,2017/11/28,2.3,1610,1,700,700,700,0005806,0052
閖上,ホッキガイ,生鮮,小型底曳網・桁あみ,動力船３トン以上５トン未満,0,2017/11/28,314.3,100250,2,420,260,319,0005827,0051
閖上,ガザミ,生鮮,小型底曳網・桁あみ,動力船３トン以上５トン未満,0,2017/11/28,212.2,69335,6,350,300,326.7,0006046,0052
閖上,コチ,生鮮,小型底曳網・桁あみ,動力船３トン以上５トン未満,0,2017/11/28,11.1,2220,4,200,200,200,0006088,0052
閖上,ひらめ,生鮮,小型底曳網・桁あみ,動力船３トン以上５トン未満,0,2017/11/28,10.6,5630,5,600,500,531.1,0006224,0052
閖上,イシガレイ,生鮮,小型底曳網・桁あみ,動力船１０００トン以上,0,2017/12/06,2.3,780,1,339,339,339.1,0005306,0052
閖上,イシガレイ,生鮮,小型底曳網・桁あみ,動力船３トン以上５トン未満,0,2017/12/06,3.8,950,2,250,250,250,0005306,0052
閖上,マコガレイ,生鮮,小型底曳網・桁あみ,動力船１０００トン以上,0,2017/12/06,9.8,4204,1,429,429,429,0005331,0052
閖上,マコガレイ,生鮮,小型底曳網・桁あみ,動力船３トン以上５トン未満,0,2017/12/06,1.8,540,1,300,300,300,0005331,0052
閖上,アカシタビラメ,生鮮,小型底曳網・桁あみ,動力船１０００トン以上,0,2017/12/06,55.5,6075,1,121,100,109.5,0005392,0052
閖上,シャコ,生鮮,小型底曳網・桁あみ,動力船１０００トン以上,0,2017/12/06,8.8,4567,1,519,519,519,0005701,0052
閖上,アカガイ,生鮮,小型底曳網・桁あみ,動力船１０００トン以上,0,2017/12/06,39,113781,1,3169,1369,2917.5,0005803,0052
閖上,アカガイ,生鮮,小型底曳網・桁あみ,動力船３トン以上５トン未満,0,2017/12/06,38.2,130200,3,3600,3200,3408.4,0005803,0052
閖上,アカガイ,生鮮,小型底曳網・桁あみ,動力船１０００トン以上,0,2017/12/06,126.5,245812,1,2821,1520,1943.2,0005804,0052
閖上,アカガイ,生鮮,小型底曳網・桁あみ,動力船３トン以上５トン未満,0,2017/12/06,12.3,28290,3,2300,2300,2300,0005804,0052
閖上,アカガイ,生鮮,小型底曳網・桁あみ,動力船１０００トン以上,0,2017/12/06,100.7,97102,1,1439,601,964.3,0005805,0052
閖上,アカガイ,生鮮,小型底曳網・桁あみ,動力船３トン以上５トン未満,0,2017/12/06,16.5,18340,3,1400,700,1111.5,0005805,0052
閖上,アカガイ,生鮮,小型底曳網・桁あみ,動力船１０００トン以上,0,2017/12/06,14.8,7415,1,501,501,501,0005806,0052
閖上,アカガイ,生鮮,小型底曳網・桁あみ,動力船３トン以上５トン未満,0,2017/12/06,2.5,1500,2,600,600,600,0005806,0052
閖上,ホッキガイ,生鮮,小型底曳網・桁あみ,動力船３トン以上５トン未満,0,2017/12/06,89.5,19725,1,300,150,220.4,0005827,0051
閖上,コタマガイ,生鮮,小型底曳網・桁あみ,動力船３トン以上５トン未満,0,2017/12/06,33,10890,1,330,330,330,0005832,0051
閖上,ガザミ,生鮮,小型底曳網・桁あみ,動力船１０００トン以上,0,2017/12/06,245.1,55247,1,281,200,225.4,0006046,0052
閖上,ガザミ,生鮮,小型底曳網・桁あみ,動力船３トン以上５トン未満,0,2017/12/06,113.5,39725,3,350,350,350,0006046,0052
閖上,コチ,生鮮,小型底曳網・桁あみ,動力船１０００トン以上,0,2017/12/06,17,4743,1,279,279,279,0006088,0052
閖上,ひらめ,生鮮,小型底曳網・桁あみ,動力船１０００トン以上,0,2017/12/06,8.9,5244,1,659,429,589.2,0006224,0052
閖上,ひらめ,生鮮,小型底曳網・桁あみ,動力船３トン以上５トン未満,0,2017/12/06,3.8,1900,1,500,500,500,0006224,0052
閖上,カタクチイワシ,生鮮,船曳網・その他,動力船３トン以上５トン未満,0,2017/07/19,32,26476,1,888,500,827.4,0005974,0005
閖上,カタクチイワシ,生鮮,船曳網・その他,動力船３トン以上５トン未満,0,2017/07/20,40.5,35964,1,888,888,888,0005974,0005
閖上,カタクチイワシ,生鮮,船曳網・その他,動力船３トン以上５トン未満,0,2017/07/27,16,19200,1,1200,1200,1200,0005974,0005
閖上,カタクチイワシ,生鮮,船曳網・その他,動力船３トン以上５トン未満,0,2017/07/28,79.5,79500,1,1000,1000,1000,0005974,0005
閖上,カタクチイワシ,生鮮,船曳網・その他,動力船３トン以上５トン未満,0,2017/08/01,203,167386,1,888,807,824.6,0005974,0005
閖上,カタクチイワシ,生鮮,船曳網・その他,動力船３トン以上５トン未満,0,2017/08/02,135.5,95344,1,888,100,703.6,0005974,0005
閖上,カタクチイワシ,生鮮,船曳網・その他,動力船１０００トン以上,0,2017/08/03,173.5,110115,1,700,621,634.7,0005974,0005
閖上,カタクチイワシ,生鮮,船曳網・その他,動力船３トン以上５トン未満,0,2017/08/03,299,182801,1,781,100,611.4,0005974,0005
閖上,カタクチイワシ,生鮮,船曳網・その他,動力船３トン以上５トン未満,0,2017/08/04,161.5,100727,1,711,550,623.7,0005974,0005
閖上,カタクチイワシ,生鮮,船曳網・その他,動力船１０００トン以上,0,2017/08/04,374.5,204309,2,611,501,545.6,0005974,0005
閖上,ひらめ,活魚,船曳網・その他,動力船３トン以上５トン未満,0,2017/08/07,0.8,800,1,1000,1000,1000,0006224,0005
閖上,カタクチイワシ,生鮮,船曳網・その他,動力船１０００トン以上,0,2017/08/07,287,146266,1,516,350,509.6,0005974,0005
閖上,カタクチイワシ,生鮮,船曳網・その他,動力船３トン以上５トン未満,0,2017/08/07,85,52740,1,701,516,620.5,0005974,0005
閖上,カタクチイワシ,生鮮,船曳網・その他,動力船３トン以上５トン未満,0,2017/08/10,753.5,257555,2,460,50,341.8,0005974,0005
閖上,カタクチイワシ,生鮮,船曳網・その他,動力船１０００トン以上,0,2017/08/10,440.5,181548,1,453,100,412.1,0005974,0005
閖上,ガザミ,生鮮,船曳網・その他,動力船３トン以上５トン未満,0,2017/08/10,14,4620,1,330,330,330,0006046,0005
閖上,カタクチイワシ,生鮮,船曳網・その他,動力船３トン以上５トン未満,0,2017/08/18,425,194360,2,500,300,457.3,0005974,0005
閖上,ガザミ,生鮮,船曳網・その他,動力船３トン以上５トン未満,0,2017/08/18,2.3,690,1,300,300,300,0006046,0005
閖上,カタクチイワシ,生鮮,船曳網・その他,動力船１０００トン以上,0,2017/08/18,219.5,97670,1,500,300,445,0005974,0005
閖上,カタクチイワシ,生鮮,船曳網・その他,動力船１０００トン以上,0,2017/08/21,380.5,137838,2,550,100,362.3,0005974,0005
閖上,カタクチイワシ,生鮮,船曳網・その他,動力船３トン以上５トン未満,0,2017/08/21,463.5,203741,2,1000,100,439.6,0005974,0005
閖上,ひらめ,生鮮,船曳網・その他,動力船３トン以上５トン未満,0,2017/08/21,4,4000,1,1000,1000,1000,0006224,0005
閖上,カタクチイワシ,生鮮,船曳網・その他,動力船３トン以上５トン未満,0,2017/08/22,683.5,369133,2,586,300,540.1,0005974,0005
閖上,カタクチイワシ,生鮮,船曳網・その他,動力船３トン以上５トン未満,0,2017/08/23,178,88415,1,561,383,496.7,0005974,0005
閖上,イシガレイ,生鮮,小型底曳網・桁あみ,動力船３トン以上５トン未満,0,2017/12/11,14.8,3244,4,350,110,219.2,0005306,0052
閖上,ホシガレイ,生鮮,小型底曳網・桁あみ,動力船３トン以上５トン未満,0,2017/12/11,0.5,1025,1,2050,2050,2050,0005324,0052
閖上,マコガレイ,生鮮,小型底曳網・桁あみ,動力船３トン以上５トン未満,0,2017/12/11,1.1,440,1,400,400,400,0005331,0052
閖上,アカシタビラメ,生鮮,小型底曳網・桁あみ,動力船３トン以上５トン未満,0,2017/12/11,10.8,1304,3,121,120,120.7,0005392,0052
閖上,シャコ,生鮮,小型底曳網・桁あみ,動力船３トン以上５トン未満,0,2017/12/11,25.3,5505,9,288,156,217.6,0005701,0052
閖上,アカガイ,生鮮,小型底曳網・桁あみ,動力船３トン以上５トン未満,0,2017/12/11,70.9,215101,16,3300,1331,3033.9,0005803,0052
閖上,アカガイ,生鮮,小型底曳網・桁あみ,動力船３トン以上５トン未満,0,2017/12/11,147.6,278937,16,2400,1551,1889.8,0005804,0052
閖上,アカガイ,生鮮,小型底曳網・桁あみ,動力船３トン以上５トン未満,0,2017/12/11,227.2,190162,16,1600,455,837,0005805,0052
閖上,アカガイ,生鮮,小型底曳網・桁あみ,動力船３トン以上５トン未満,0,2017/12/11,36.9,15258,13,560,350,413.5,0005806,0052
閖上,ホッキガイ,生鮮,小型底曳網・桁あみ,動力船３トン以上５トン未満,0,2017/12/11,156,39750,2,300,150,254.8,0005827,0051
閖上,コタマガイ,生鮮,小型底曳網・桁あみ,動力船３トン以上５トン未満,0,2017/12/11,50,14290,2,330,200,285.8,0005832,0051
閖上,ガザミ,生鮮,小型底曳網・桁あみ,動力船３トン以上５トン未満,0,2017/12/11,108.7,41206,8,395,351,379.1,0006046,0052
閖上,コチ,生鮮,小型底曳網・桁あみ,動力船３トン以上５トン未満,0,2017/12/11,1.3,338,1,260,260,260,0006088,0052
閖上,ひらめ,生鮮,小型底曳網・桁あみ,動力船３トン以上５トン未満,0,2017/12/11,16.9,9142,5,600,360,540.9,0006224,0052
閖上,イシガレイ,生鮮,小型底曳網・桁あみ,動力船３トン以上５トン未満,0,2017/12/01,2.3,575,1,250,250,250,0005306,0052
閖上,ホシガレイ,生鮮,小型底曳網・桁あみ,動力船３トン以上５トン未満,0,2017/12/01,0.9,1080,1,1200,1200,1200,0005324,0052
閖上,マコガレイ,生鮮,小型底曳網・桁あみ,動力船３トン以上５トン未満,0,2017/12/01,0.6,240,1,400,400,400,0005331,0052
閖上,アカシタビラメ,生鮮,小型底曳網・桁あみ,動力船３トン以上５トン未満,0,2017/12/01,4,484,1,121,121,121,0005392,0052
閖上,シャコ,生鮮,小型底曳網・桁あみ,動力船３トン以上５トン未満,0,2017/12/01,4,656,3,180,100,164,0005701,0052
閖上,アカガイ,生鮮,小型底曳網・桁あみ,動力船３トン以上５トン未満,0,2017/12/01,17.6,62137,5,3739,2689,3530.5,0005803,0052
閖上,アカガイ,生鮮,小型底曳網・桁あみ,動力船３トン以上５トン未満,0,2017/12/01,29.5,88141,5,3261,2821,2987.8,0005804,0052
閖上,アカガイ,生鮮,小型底曳網・桁あみ,動力船３トン以上５トン未満,0,2017/12/01,89.9,105181,5,1801,869,1170,0005805,0052
閖上,アカガイ,生鮮,小型底曳網・桁あみ,動力船３トン以上５トン未満,0,2017/12/01,9.3,5562,4,650,560,598.1,0005806,0052
閖上,ホッキガイ,生鮮,小型底曳網・桁あみ,動力船３トン以上５トン未満,0,2017/12/01,52,12050,1,320,150,231.7,0005827,0051
閖上,コタマガイ,生鮮,小型底曳網・桁あみ,動力船３トン以上５トン未満,0,2017/12/01,19,6270,1,330,330,330,0005832,0051
閖上,ガザミ,生鮮,小型底曳網・桁あみ,動力船３トン以上５トン未満,0,2017/12/01,63.6,23469,2,369,369,369,0006046,0052
閖上,コチ,生鮮,小型底曳網・桁あみ,動力船３トン以上５トン未満,0,2017/12/01,2.8,339,2,121,121,121.1,0006088,0052
閖上,ひらめ,生鮮,小型底曳網・桁あみ,動力船３トン以上５トン未満,0,2017/12/01,3.8,760,1,200,200,200,0006224,0052
閖上,クサフグ,生鮮,小型底曳網・桁あみ,動力船３トン以上５トン未満,0,2017/12/01,2.8,840,1,300,300,300,0006232,0052
閖上,ヒラメ累計,生鮮,小型底曳網・桁あみ,動力船３トン以上５トン未満,0,2017/04/19,1,800,1,800,800,800,,
閖上,イカナゴ累計,生鮮,敷網・火光利用(ランプ網),動力船１０トン以上２０トン未満,0,2017/04/18,1094.5,550400,1,700,250,503,,
閖上,イカナゴ累計,生鮮,敷網・火光利用(ランプ網),動力船３トン以上５トン未満,0,2017/04/18,2074,611475,1,300,150,295,,
閖上,カタクチイワシ,生鮮,船曳網・その他,動力船１０００トン以上,0,2017/08/23,458.5,251126,2,613,100,547.7,0005974,0005
閖上,カタクチイワシ,生鮮,船曳網・その他,動力船１０００トン以上,0,2017/08/24,492,250716,2,667,50,509.6,0005974,0005
閖上,カタクチイワシ,生鮮,船曳網・その他,動力船３トン以上５トン未満,0,2017/08/24,228.5,132963,1,720,201,581.9,0005974,0005
閖上,カタクチイワシ,生鮮,船曳網・その他,動力船３トン以上５トン未満,0,2017/08/25,373,122735,2,600,50,329,0005974,0005
閖上,カタクチイワシ,生鮮,船曳網・その他,動力船１０００トン以上,0,2017/08/25,55.5,17325,1,600,150,312.2,0005974,0005
閖上,ガザミ,生鮮,船曳網・その他,動力船３トン以上５トン未満,0,2017/08/25,6.5,1300,1,200,200,200,0006046,0005
閖上,カタクチイワシ,生鮮,船曳網・その他,動力船１０００トン以上,0,2017/08/28,429,184050,1,700,300,429,0005974,0005
閖上,カタクチイワシ,生鮮,船曳網・その他,動力船３トン以上５トン未満,0,2017/08/28,358.5,157780,2,600,50,440.1,0005974,0005
閖上,カタクチイワシ,生鮮,船曳網・その他,動力船１０００トン以上,0,2017/08/29,362,155305,1,480,100,429,0005974,0005
閖上,カタクチイワシ,生鮮,船曳網・その他,動力船３トン以上５トン未満,0,2017/08/29,677,257695,2,450,100,380.6,0005974,0005
閖上,カンパチ,生鮮,船曳網・その他,動力船３トン以上５トン未満,0,2017/08/29,8,800,1,100,100,100,0006064,0005
閖上,カタクチイワシ,生鮮,船曳網・その他,動力船１０００トン以上,0,2017/08/30,716,258005,2,650,50,360.3,0005974,0005
閖上,カタクチイワシ,生鮮,船曳網・その他,動力船３トン以上５トン未満,0,2017/08/30,382.5,118525,2,600,50,309.9,0005974,0005
閖上,にべ・ぐち(いしもち),生鮮,船曳網・その他,動力船３トン以上５トン未満,0,2017/09/04,6,600,1,100,100,100,0005966,0005
閖上,カタクチイワシ,生鮮,船曳網・その他,動力船１０００トン以上,0,2017/09/04,803.5,359260,1,610,110,447.1,0005974,0005
閖上,カタクチイワシ,生鮮,船曳網・その他,動力船３トン以上５トン未満,0,2017/09/04,1040.5,402429,2,660,100,386.8,0005974,0005
閖上,ガザミ,生鮮,船曳網・その他,動力船３トン以上５トン未満,0,2017/09/04,5.4,540,1,100,100,100,0006046,0005
閖上,すずき,生鮮,船曳網・その他,動力船３トン以上５トン未満,0,2017/09/04,4.3,2150,1,500,500,500,0005401,0005
閖上,にべ・ぐち(いしもち),生鮮,船曳網・その他,動力船３トン以上５トン未満,0,2017/09/05,6,600,1,100,100,100,0005966,0005
閖上,カタクチイワシ,生鮮,船曳網・その他,動力船１０００トン以上,0,2017/09/05,756.5,236040,2,650,50,312,0005974,0005
閖上,ガザミ,生鮮,船曳網・その他,動力船３トン以上５トン未満,0,2017/09/05,18.3,5420,2,400,200,296.2,0006046,0005
閖上,カタクチイワシ,生鮮,船曳網・その他,動力船３トン以上５トン未満,0,2017/09/05,340.5,94880,2,700,100,278.6,0005974,0005
閖上,イシガレイ,生鮮,船曳網・その他,動力船３トン以上５トン未満,0,2017/09/06,0.5,50,1,100,100,100,0005306,0005
閖上,にべ・ぐち(いしもち),生鮮,船曳網・その他,動力船３トン以上５トン未満,0,2017/09/06,1.2,120,1,100,100,100,0005966,0005
閖上,カタクチイワシ,生鮮,船曳網・その他,動力船１０００トン以上,0,2017/09/06,392.5,146376,2,477,150,372.9,0005974,0005
閖上,カタクチイワシ,生鮮,船曳網・その他,動力船３トン以上５トン未満,0,2017/09/06,670,252791,2,580,150,377.3,0005974,0005
閖上,ガザミ,生鮮,船曳網・その他,動力船３トン以上５トン未満,0,2017/09/06,8,1985,1,310,200,248.1,0006046,0005
閖上,ひらめ,生鮮,船曳網・その他,動力船３トン以上５トン未満,0,2017/09/06,1.1,550,1,500,500,500,0006224,0005
閖上,カタクチイワシ,生鮮,船曳網・その他,動力船１０００トン以上,0,2017/09/07,779.5,287628,2,489,100,369,0005974,0005
閖上,カタクチイワシ,生鮮,船曳網・その他,動力船３トン以上５トン未満,0,2017/09/07,1083.5,410366,2,600,120,378.7,0005974,0005
閖上,ガザミ,生鮮,船曳網・その他,動力船１０００トン以上,0,2017/09/07,7,1750,1,250,250,250,0006046,0005
閖上,ヒラツメガニ,生鮮,船曳網・その他,動力船１０００トン以上,0,2017/09/07,9,2250,1,250,250,250,0006052,0005
閖上,ガザミ,生鮮,船曳網・その他,動力船３トン以上５トン未満,0,2017/09/07,15.4,1540,2,100,100,100,0006046,0005
閖上,カンパチ,生鮮,船曳網・その他,動力船３トン以上５トン未満,0,2017/09/07,12.8,1280,2,100,100,100,0006064,0005
閖上,カタクチイワシ,生鮮,船曳網・その他,動力船１０００トン以上,0,2017/09/08,215,106667,1,700,100,496.1,0005974,0005
閖上,カタクチイワシ,生鮮,船曳網・その他,動力船３トン以上５トン未満,0,2017/09/11,898,338511,2,494,50,377,0005974,0005
閖上,カタクチイワシ,生鮮,船曳網・その他,動力船１０００トン以上,0,2017/09/11,633,313412,2,639,387,495.1,0005974,0005
閖上,ガザミ,生鮮,船曳網・その他,動力船３トン以上５トン未満,0,2017/09/11,4.5,900,1,200,200,200,0006046,0005
閖上,カタクチイワシ,生鮮,船曳網・その他,動力船１０００トン以上,0,2017/09/13,1274.8,702938,4,660,156,551.4,0005974,0005
閖上,カタクチイワシ,生鮮,船曳網・その他,動力船３トン以上５トン未満,0,2017/09/13,343.7,139297,2,700,100,405.3,0005974,0005
閖上,カタクチイワシ,生鮮,船曳網・その他,動力船１０００トン以上,0,2017/09/14,1330.6,775193,4,659,100,582.6,0005974,0005
閖上,カタクチイワシ,生鮮,船曳網・その他,動力船３トン以上５トン未満,0,2017/09/14,556.3,295756,2,711,289,531.6,0005974,0005
閖上,カタクチイワシ,生鮮,船曳網・その他,動力船３トン以上５トン未満,0,2017/09/15,476.3,184237,2,436,120,386.8,0005974,0005
閖上,カタクチイワシ,生鮮,船曳網・その他,動力船１０００トン以上,0,2017/09/15,904.4,448781,4,700,120,496.2,0005974,0005
閖上,カタクチイワシ,生鮮,船曳網・その他,動力船３トン以上５トン未満,0,2017/09/20,37,9350,2,700,100,252.7,0005974,0005
閖上,カタクチイワシ,生鮮,船曳網・その他,動力船１０００トン以上,0,2017/09/20,399,100356,1,600,224,251.5,0005974,0005
閖上,カタクチイワシ,生鮮,船曳網・その他,動力船３トン以上５トン未満,0,2017/09/21,1470.4,521494,2,859,155,354.7,0005974,0005
閖上,ガザミ,生鮮,船曳網・その他,動力船３トン以上５トン未満,0,2017/09/21,8.9,2234,1,251,251,251,0006046,0005
閖上,カタクチイワシ,生鮮,船曳網・その他,動力船１０００トン以上,0,2017/09/21,1220.1,464136,2,1007,172,380.4,0005974,0005
閖上,カタクチイワシ,生鮮,船曳網・その他,動力船１０００トン以上,0,2017/09/22,62.3,26620,1,800,200,427.3,0005974,0005
閖上,カタクチイワシ,生鮮,船曳網・その他,動力船３トン以上５トン未満,0,2017/09/22,512.1,186724,1,850,200,364.6,0005974,0005
閖上,カタクチイワシ,生鮮,船曳網・その他,動力船１０００トン以上,0,2017/09/25,1313.3,373660,2,868,120,284.5,0005974,0005
閖上,カタクチイワシ,生鮮,船曳網・その他,動力船３トン以上５トン未満,0,2017/09/25,798.5,235684,2,600,30,295.2,0005974,0005
閖上,カタクチイワシ,生鮮,船曳網・その他,動力船１０００トン以上,0,2017/09/26,556.6,155381,1,481,190,279.2,0005974,0005
閖上,カタクチイワシ,生鮮,船曳網・その他,動力船１０００トン以上,0,2017/09/27,1366.3,486876,2,888,180,356.3,0005974,0005
閖上,カタクチイワシ,生鮮,船曳網・その他,動力船３トン以上５トン未満,0,2017/09/27,613.6,143160,1,534,190,233.3,0005974,0005
閖上,カタクチイワシ,生鮮,船曳網・その他,動力船１０００トン以上,0,2017/09/29,307.2,85349,1,640,100,277.8,0005974,0005
閖上,ひらめ,生鮮,船曳網・その他,動力船１０００トン以上,0,2017/10/02,5,3500,1,700,700,700,0006224,0005
閖上,カタクチイワシ,生鮮,船曳網・その他,動力船３トン以上５トン未満,0,2017/10/02,561.3,118531,1,500,170,211.2,0005974,0005
閖上,カタクチイワシ,生鮮,船曳網・その他,動力船１０００トン以上,0,2017/10/02,1300.4,242278,1,380,170,186.3,0005974,0005
閖上,カタクチイワシ,生鮮,船曳網・その他,動力船３トン以上５トン未満,0,2017/10/03,592.4,100708,1,170,170,170,0005974,0005
閖上,カタクチイワシ,生鮮,船曳網・その他,動力船１０００トン以上,0,2017/10/03,870.2,254623,2,650,170,292.6,0005974,0005
閖上,カタクチイワシ,生鮮,船曳網・その他,動力船３トン以上５トン未満,0,2017/10/04,265.2,71086,1,600,130,268,0005974,0005
閖上,カタクチイワシ,生鮮,船曳網・その他,動力船１０００トン以上,0,2017/10/04,785.7,376708,2,750,150,479.5,0005974,0005
閖上,カタクチイワシ,生鮮,船曳網・その他,動力船３トン以上５トン未満,0,2017/10/05,377.4,122171,1,400,120,323.7,0005974,0005
閖上,カタクチイワシ,生鮮,船曳網・その他,動力船１０００トン以上,0,2017/10/05,1124.3,582541,2,780,350,518.1,0005974,0005
閖上,カタクチイワシ,生鮮,船曳網・その他,動力船３トン以上５トン未満,0,2017/10/06,359,140766,1,750,185,392.1,0005974,0005
閖上,カタクチイワシ,生鮮,船曳網・その他,動力船１０００トン以上,0,2017/10/06,809.9,228969,1,586,150,282.7,0005974,0005
閖上,カタクチイワシ,生鮮,船曳網・その他,動力船１０００トン以上,0,2017/10/10,1080.5,297644,2,750,176,275.5,0005974,0005
閖上,カタクチイワシ,生鮮,船曳網・その他,動力船３トン以上５トン未満,0,2017/10/10,504.8,240605,2,630,176,476.6,0005974,0005
閖上,ひらめ,生鮮,船曳網・その他,動力船１０００トン以上,0,2017/10/12,4.6,3220,1,700,700,700,0006224,0005
閖上,カタクチイワシ,生鮮,船曳網・その他,動力船３トン以上５トン未満,0,2017/10/12,786.9,307642,2,619,30,391,0005974,0005
閖上,カタクチイワシ,生鮮,船曳網・その他,動力船１０００トン以上,0,2017/10/12,879.6,287200,2,750,183,326.5,0005974,0005
閖上,カタクチイワシ,生鮮,船曳網・その他,動力船１０００トン以上,0,2017/10/13,244.8,101394,1,630,180,414.2,0005974,0005
閖上,カタクチイワシ,生鮮,船曳網・その他,動力船１０００トン以上,0,2017/10/16,129.3,47913,1,630,170,370.6,0005974,0005
閖上,カタクチイワシ,生鮮,船曳網・その他,動力船３トン以上５トン未満,0,2017/10/16,179.9,90751,1,750,50,504.5,0005974,0005
閖上,カタクチイワシ,生鮮,船曳網・その他,動力船３トン以上５トン未満,0,2017/10/17,208.7,98076,2,715,214,469.9,0005974,0005
閖上,カタクチイワシ,生鮮,船曳網・その他,動力船１０００トン以上,0,2017/10/17,102.3,33302,1,715,100,325.5,0005974,0005
閖上,スズキ累計,生鮮,小型底曳網・桁あみ,動力船３トン以上５トン未満,0,2017/04/17,1.9,760,1,400,400,400,,
閖上,イカナゴ累計,生鮮,敷網・火光利用(ランプ網),動力船１０トン以上２０トン未満,0,2017/04/17,1355.9,745350,1,700,250,550,,
閖上,イカナゴ累計,生鮮,敷網・火光利用(ランプ網),動力船３トン以上５トン未満,0,2017/04/17,1234.7,772715,1,1000,250,626,,
閖上,イシガレイ,生鮮,小型底曳網・桁あみ,動力船３トン以上５トン未満,0,2017/01/05,105.1,38784,7,400,330,369,0005306,0052
閖上,ヌマガレイ(カワガレイ),生鮮,小型底曳網・桁あみ,動力船３トン以上５トン未満,0,2017/01/05,6.8,258,4,50,30,37.9,0005314,0052
閖上,マコガレイ,生鮮,小型底曳網・桁あみ,動力船３トン以上５トン未満,0,2017/01/05,13.6,5358,5,400,380,394,0005331,0052
閖上,アカシタビラメ,生鮮,小型底曳網・桁あみ,動力船３トン以上５トン未満,0,2017/01/05,33.8,6084,7,180,180,180,0005392,0052
閖上,シャコ,生鮮,小型底曳網・桁あみ,動力船３トン以上５トン未満,0,2017/01/05,3.5,2030,5,580,580,580,0005701,0052
閖上,アカガイ,生鮮,小型底曳網・桁あみ,動力船３トン以上５トン未満,0,2017/01/05,8.8,35331,7,4080,4008,4014.9,0005803,0052
閖上,アカガイ,生鮮,小型底曳網・桁あみ,動力船３トン以上５トン未満,0,2017/01/05,120.1,329920,7,3309,2368,2747,0005804,0052
閖上,アカガイ,生鮮,小型底曳網・桁あみ,動力船３トン以上５トン未満,0,2017/01/05,60.2,130962,7,2380,1689,2175.4,0005805,0052
閖上,アカガイ,生鮮,小型底曳網・桁あみ,動力船３トン以上５トン未満,0,2017/01/05,16.7,24129,7,1559,1397,1444.9,0005806,0052
閖上,ホッキガイ,生鮮,小型底曳網・桁あみ,動力船３トン以上５トン未満,0,2017/01/05,130,56420,1,470,380,434,0005827,0051
閖上,ガザミ,生鮮,小型底曳網・桁あみ,動力船３トン以上５トン未満,0,2017/01/05,24.1,13859,5,575,575,575.1,0006046,0052
閖上,コチ,生鮮,小型底曳網・桁あみ,動力船３トン以上５トン未満,0,2017/01/05,1.4,140,2,100,100,100,0006088,0052
閖上,ひらめ,生鮮,小型底曳網・桁あみ,動力船３トン以上５トン未満,0,2017/01/05,6.8,8041,2,1320,1133,1182.5,0006224,0052
閖上,イシガレイ,生鮮,小型底曳網・桁あみ,動力船３トン以上５トン未満,0,2017/01/06,20.9,8360,3,400,400,400,0005306,0052
閖上,マコガレイ,生鮮,小型底曳網・桁あみ,動力船３トン以上５トン未満,0,2017/01/06,6,2100,2,350,350,350,0005331,0052
閖上,アカシタビラメ,生鮮,小型底曳網・桁あみ,動力船３トン以上５トン未満,0,2017/01/06,12.8,2304,3,180,180,180,0005392,0052
閖上,アカガイ,生鮮,小型底曳網・桁あみ,動力船３トン以上５トン未満,0,2017/01/06,5.4,22140,3,4100,4100,4100,0005803,0052
閖上,アカガイ,生鮮,小型底曳網・桁あみ,動力船３トン以上５トン未満,0,2017/01/06,19.1,61120,3,3200,3200,3200,0005804,0052
閖上,アカガイ,生鮮,小型底曳網・桁あみ,動力船３トン以上５トン未満,0,2017/01/06,32.9,78450,3,2500,1700,2384.5,0005805,0052
閖上,アカガイ,生鮮,小型底曳網・桁あみ,動力船３トン以上５トン未満,0,2017/01/06,4,6000,2,1500,1500,1500,0005806,0052
閖上,ガザミ,生鮮,小型底曳網・桁あみ,動力船３トン以上５トン未満,0,2017/01/06,6,3420,2,570,570,570,0006046,0052
閖上,ひらめ,生鮮,小型底曳網・桁あみ,動力船３トン以上５トン未満,0,2017/01/06,4.4,5280,1,1200,1200,1200,0006224,0052
閖上,イシガレイ,生鮮,小型底曳網・桁あみ,動力船３トン以上５トン未満,0,2017/01/12,22.6,10959,4,500,430,484.9,0005306,0052
閖上,ヌマガレイ(カワガレイ),生鮮,小型底曳網・桁あみ,動力船３トン以上５トン未満,0,2017/01/12,26.4,6232,5,300,30,236.1,0005314,0052
閖上,マコガレイ,生鮮,小型底曳網・桁あみ,動力船３トン以上５トン未満,0,2017/01/12,2.8,815,3,300,250,291.1,0005331,0052
閖上,アカシタビラメ,生鮮,小型底曳網・桁あみ,動力船３トン以上５トン未満,0,2017/01/12,27.6,7045,6,300,250,255.3,0005392,0052
閖上,シャコ,生鮮,小型底曳網・桁あみ,動力船３トン以上５トン未満,0,2017/01/12,4.7,2820,5,600,600,600,0005701,0052
閖上,アカガイ,生鮮,小型底曳網・桁あみ,動力船３トン以上５トン未満,0,2017/01/12,6.4,26301,7,4169,4020,4109.5,0005803,0052
閖上,アカガイ,生鮮,小型底曳網・桁あみ,動力船３トン以上５トン未満,0,2017/01/12,91.4,251785,7,3169,2289,2754.8,0005804,0052
閖上,アカガイ,生鮮,小型底曳網・桁あみ,動力船３トン以上５トン未満,0,2017/01/12,51.7,111223,7,2300,2100,2151.3,0005805,0052
閖上,アカガイ,生鮮,小型底曳網・桁あみ,動力船３トン以上５トン未満,0,2017/01/12,14.2,19724,6,1389,1389,1389,0005806,0052
閖上,ホッキガイ,生鮮,小型底曳網・桁あみ,動力船３トン以上５トン未満,0,2017/01/12,51,25011,1,515,482,490.4,0005827,0051
閖上,ガザミ,生鮮,小型底曳網・桁あみ,動力船３トン以上５トン未満,0,2017/01/12,78.6,37473,7,520,450,476.8,0006046,0052
閖上,イシガレイ,生鮮,小型底曳網・桁あみ,動力船３トン以上５トン未満,0,2017/01/13,19.3,12204,3,850,400,632.3,0005306,0052
閖上,ヌマガレイ(カワガレイ),生鮮,小型底曳網・桁あみ,動力船３トン以上５トン未満,0,2017/01/13,25.2,2970,5,400,50,117.9,0005314,0052
閖上,マコガレイ,生鮮,小型底曳網・桁あみ,動力船３トン以上５トン未満,0,2017/01/13,8.2,6170,5,900,300,752.4,0005331,0052
閖上,アカシタビラメ,生鮮,小型底曳網・桁あみ,動力船３トン以上５トン未満,0,2017/01/13,56.6,14242,11,270,211,251.6,0005392,0052
閖上,すずき,生鮮,小型底曳網・桁あみ,動力船３トン以上５トン未満,0,2017/01/13,6.5,3250,1,500,500,500,0005401,0052
閖上,シャコ,生鮮,小型底曳網・桁あみ,動力船３トン以上５トン未満,0,2017/01/13,9.9,7550,6,850,600,762.6,0005701,0052
閖上,アカガイ,生鮮,小型底曳網・桁あみ,動力船３トン以上５トン未満,0,2017/01/13,65.3,214572,11,4100,2510,3285.9,0005803,0052
閖上,アカガイ,生鮮,小型底曳網・桁あみ,動力船３トン以上５トン未満,0,2017/01/13,140.5,326782,11,2960,2108,2325.9,0005804,0052
閖上,アカガイ,生鮮,小型底曳網・桁あみ,動力船３トン以上５トン未満,0,2017/01/13,92,169258,11,2660,1510,1839.8,0005805,0052
閖上,アカガイ,生鮮,小型底曳網・桁あみ,動力船３トン以上５トン未満,0,2017/01/13,36.6,50280,10,1500,1300,1373.8,0005806,0052
閖上,その他の巻き貝,生鮮,小型底曳網・桁あみ,動力船３トン以上５トン未満,0,2017/01/13,2.3,1863,1,810,810,810,0005815,0052
閖上,ガザミ,生鮮,小型底曳網・桁あみ,動力船３トン以上５トン未満,0,2017/01/13,93.2,41843,7,500,446,449,0006046,0052
閖上,コチ,生鮮,小型底曳網・桁あみ,動力船３トン以上５トン未満,0,2017/01/13,2.5,860,3,400,300,344,0006088,0052
閖上,ひらめ,生鮮,小型底曳網・桁あみ,動力船３トン以上５トン未満,0,2017/01/13,3.5,3850,1,1100,1100,1100,0006224,0052
閖上,イシガレイ,生鮮,定置網・ます網つぼ網(小型定置),動力船３トン以上５トン未満,0,2017/01/17,2.8,1400,1,500,500,500,0005306,0013
閖上,マコガレイ,生鮮,小型底曳網・桁あみ,動力船３トン以上５トン未満,0,2017/01/17,4.4,1760,2,400,400,400,0005331,0052
閖上,アカシタビラメ,生鮮,定置網・ます網つぼ網(小型定置),動力船３トン以上５トン未満,0,2017/01/17,2.5,625,1,250,250,250,0005392,0013
閖上,アカシタビラメ,生鮮,小型底曳網・桁あみ,動力船３トン以上５トン未満,0,2017/01/17,8.2,2050,2,250,250,250,0005392,0052
閖上,アカガイ,生鮮,定置網・ます網つぼ網(小型定置),動力船３トン以上５トン未満,0,2017/01/17,4.9,18130,1,3700,3700,3700,0005803,0013
閖上,アカガイ,生鮮,小型底曳網・桁あみ,動力船３トン以上５トン未満,0,2017/01/17,10.3,38110,2,3700,3700,3700,0005803,0052
閖上,アカガイ,生鮮,定置網・ます網つぼ網(小型定置),動力船３トン以上５トン未満,0,2017/01/17,18.4,44040,1,2600,2100,2393.5,0005804,0013
閖上,アカガイ,生鮮,小型底曳網・桁あみ,動力船３トン以上５トン未満,0,2017/01/17,29.7,70920,2,2600,2100,2387.9,0005804,0052
閖上,アカガイ,生鮮,定置網・ます網つぼ網(小型定置),動力船３トン以上５トン未満,0,2017/01/17,13.7,22950,1,1800,1500,1675.2,0005805,0013
閖上,アカガイ,生鮮,小型底曳網・桁あみ,動力船３トン以上５トン未満,0,2017/01/17,5,9000,2,1800,1800,1800,0005805,0052
閖上,アカガイ,生鮮,定置網・ます網つぼ網(小型定置),動力船３トン以上５トン未満,0,2017/01/17,7.2,9360,1,1300,1300,1300,0005806,0013
閖上,アカガイ,生鮮,小型底曳網・桁あみ,動力船３トン以上５トン未満,0,2017/01/17,3.6,5400,2,1500,1500,1500,0005806,0052
閖上,その他の巻き貝,生鮮,小型底曳網・桁あみ,動力船３トン以上５トン未満,0,2017/01/17,0.9,720,1,800,800,800,0005815,0052
閖上,ガザミ,生鮮,定置網・ます網つぼ網(小型定置),動力船３トン以上５トン未満,0,2017/01/17,3.5,1575,1,450,450,450,0006046,0013
閖上,ガザミ,生鮮,小型底曳網・桁あみ,動力船３トン以上５トン未満,0,2017/01/17,5,2250,1,450,450,450,0006046,0052
閖上,コチ,生鮮,小型底曳網・桁あみ,動力船３トン以上５トン未満,0,2017/01/17,5.5,2200,1,400,400,400,0006088,0052
閖上,ひらめ,生鮮,小型底曳網・桁あみ,動力船３トン以上５トン未満,0,2017/01/17,5,5500,1,1100,1100,1100,0006224,0052
閖上,イシガレイ,生鮮,小型底曳網・桁あみ,動力船３トン以上５トン未満,0,2017/01/18,24.1,7303,5,303,303,303,0005306,0052
閖上,マコガレイ,生鮮,小型底曳網・桁あみ,動力船３トン以上５トン未満,0,2017/01/18,15.4,4667,6,303,303,303.1,0005331,0052
閖上,アカシタビラメ,生鮮,小型底曳網・桁あみ,動力船３トン以上５トン未満,0,2017/01/18,40.2,7236,7,180,180,180,0005392,0052
閖上,シャコ,生鮮,小型底曳網・桁あみ,動力船３トン以上５トン未満,0,2017/01/18,0.5,252,1,503,503,504,0005701,0052
閖上,アカガイ,生鮮,小型底曳網・桁あみ,動力船３トン以上５トン未満,0,2017/01/18,53.8,177509,8,3700,2269,3299.4,0005803,0052
閖上,アカガイ,生鮮,小型底曳網・桁あみ,動力船３トン以上５トン未満,0,2017/01/18,103.9,230205,8,2839,1869,2215.6,0005804,0052
閖上,アカガイ,生鮮,小型底曳網・桁あみ,動力船３トン以上５トン未満,0,2017/01/18,92.6,153072,8,1911,1509,1653,0005805,0052
閖上,アカガイ,生鮮,小型底曳網・桁あみ,動力船３トン以上５トン未満,0,2017/01/18,33.9,39334,8,1500,1139,1160.3,0005806,0052
閖上,その他の巻き貝,生鮮,小型底曳網・桁あみ,動力船３トン以上５トン未満,0,2017/01/18,3.4,2520,2,800,300,741.2,0005815,0052
閖上,ガザミ,生鮮,小型底曳網・桁あみ,動力船３トン以上５トン未満,0,2017/01/18,33.5,15799,7,506,450,471.6,0006046,0052
閖上,コチ,生鮮,小型底曳網・桁あみ,動力船３トン以上５トン未満,0,2017/01/18,2.2,880,2,400,400,400,0006088,0052
閖上,ひらめ,生鮮,小型底曳網・桁あみ,動力船３トン以上５トン未満,0,2017/01/18,2.3,2530,1,1100,1100,1100,0006224,0052
閖上,イシガレイ,生鮮,小型底曳網・桁あみ,動力船３トン以上５トン未満,0,2017/01/19,17.9,7580,4,450,400,423.5,0005306,0052
閖上,ヌマガレイ(カワガレイ),生鮮,小型底曳網・桁あみ,動力船３トン以上５トン未満,0,2017/01/19,29.8,8710,4,350,250,292.3,0005314,0052
閖上,マコガレイ,生鮮,小型底曳網・桁あみ,動力船３トン以上５トン未満,0,2017/01/19,13.3,5192,8,600,250,390.4,0005331,0052
閖上,アカシタビラメ,生鮮,定置網・ます網つぼ網(小型定置),動力船３トン以上５トン未満,0,2017/01/19,2.8,504,1,180,180,180,0005392,0013
閖上,アカシタビラメ,生鮮,小型底曳網・桁あみ,動力船３トン以上５トン未満,0,2017/01/19,51.1,12620,10,400,180,247,0005392,0052
閖上,すずき,生鮮,小型底曳網・桁あみ,動力船３トン以上５トン未満,0,2017/01/19,3.5,1750,1,500,500,500,0005401,0052
閖上,シャコ,生鮮,小型底曳網・桁あみ,動力船３トン以上５トン未満,0,2017/01/19,1.8,1224,3,680,680,680,0005701,0052
閖上,アカガイ,生鮮,定置網・ます網つぼ網(小型定置),動力船３トン以上５トン未満,0,2017/01/19,6.7,20820,1,3600,2500,3107.5,0005803,0013
閖上,アカガイ,生鮮,小型底曳網・桁あみ,動力船３トン以上５トン未満,0,2017/01/19,111.1,321191,10,3600,2319,2891,0005803,0052
閖上,アカガイ,生鮮,定置網・ます網つぼ網(小型定置),動力船３トン以上５トン未満,0,2017/01/19,5.5,13750,1,2500,2500,2500,0005804,0013
閖上,アカガイ,生鮮,小型底曳網・桁あみ,動力船３トン以上５トン未満,0,2017/01/19,99,212591,10,2500,1809,2147.4,0005804,0052
閖上,アカガイ,生鮮,定置網・ます網つぼ網(小型定置),動力船３トン以上５トン未満,0,2017/01/19,15.8,28280,1,2200,1600,1789.9,0005805,0013
閖上,アカガイ,生鮮,小型底曳網・桁あみ,動力船３トン以上５トン未満,0,2017/01/19,161.6,196713,10,2200,950,1217.3,0005805,0052
閖上,アカガイ,生鮮,定置網・ます網つぼ網(小型定置),動力船３トン以上５トン未満,0,2017/01/19,3.4,3740,1,1100,1100,1100,0005806,0013
閖上,アカガイ,生鮮,小型底曳網・桁あみ,動力船３トン以上５トン未満,0,2017/01/19,51.3,41973,9,1100,659,818.2,0005806,0052
閖上,その他の巻き貝,生鮮,小型底曳網・桁あみ,動力船３トン以上５トン未満,0,2017/01/19,2.4,1962,2,830,800,817.5,0005815,0052
閖上,ガザミ,生鮮,定置網・ます網つぼ網(小型定置),動力船３トン以上５トン未満,0,2017/01/19,1.8,828,1,460,460,460,0006046,0013
閖上,ガザミ,生鮮,小型底曳網・桁あみ,動力船３トン以上５トン未満,0,2017/01/19,25.7,12479,7,505,460,485.6,0006046,0052
閖上,コチ,生鮮,小型底曳網・桁あみ,動力船３トン以上５トン未満,0,2017/01/19,3.5,1925,2,650,400,550,0006088,0052
閖上,ひらめ,生鮮,小型底曳網・桁あみ,動力船３トン以上５トン未満,0,2017/01/19,4,4400,2,1200,1000,1100,0006224,0052
閖上,マコガレイ,生鮮,定置網・ます網つぼ網(小型定置),動力船３トン以上５トン未満,0,2017/01/20,2.9,870,1,300,300,300,0005331,0013
閖上,マコガレイ,生鮮,小型底曳網・桁あみ,動力船３トン以上５トン未満,0,2017/01/20,1.8,540,2,300,300,300,0005331,0052
閖上,アカシタビラメ,生鮮,定置網・ます網つぼ網(小型定置),動力船３トン以上５トン未満,0,2017/01/20,5.5,1375,1,250,250,250,0005392,0013
閖上,アカシタビラメ,生鮮,小型底曳網・桁あみ,動力船３トン以上５トン未満,0,2017/01/20,17.3,4325,3,250,250,250,0005392,0052
閖上,アカガイ,生鮮,定置網・ます網つぼ網(小型定置),動力船３トン以上５トン未満,0,2017/01/20,10,24750,1,2800,2300,2475,0005803,0013
閖上,アカガイ,生鮮,小型底曳網・桁あみ,動力船３トン以上５トン未満,0,2017/01/20,34,85050,3,2800,2300,2501.5,0005803,0052
閖上,アカガイ,生鮮,定置網・ます網つぼ網(小型定置),動力船３トン以上５トン未満,0,2017/01/20,14.6,32050,1,2300,2000,2195.2,0005804,0013
閖上,アカガイ,生鮮,小型底曳網・桁あみ,動力船３トン以上５トン未満,0,2017/01/20,29.1,56440,3,2000,1800,1939.5,0005804,0052
閖上,アカガイ,生鮮,定置網・ます網つぼ網(小型定置),動力船３トン以上５トン未満,0,2017/01/20,21.9,28080,1,1800,1100,1282.2,0005805,0013
閖上,アカガイ,生鮮,小型底曳網・桁あみ,動力船３トン以上５トン未満,0,2017/01/20,2.9,3190,1,1100,1100,1100,0005805,0052
閖上,アカガイ,生鮮,定置網・ます網つぼ網(小型定置),動力船３トン以上５トン未満,0,2017/01/20,6.5,5850,1,900,900,900,0005806,0013
閖上,アカガイ,生鮮,小型底曳網・桁あみ,動力船３トン以上５トン未満,0,2017/01/20,5.8,5220,3,900,900,900,0005806,0052
閖上,ホッキガイ,生鮮,小型底曳網・桁あみ,動力船３トン以上５トン未満,0,2017/01/20,77,36936,1,492,411,479.7,0005827,0051
閖上,ひらめ,生鮮,小型底曳網・桁あみ,動力船３トン以上５トン未満,0,2017/01/20,1.5,1500,1,1000,1000,1000,0006224,0052
閖上,ヌマガレイ(カワガレイ),生鮮,小型底曳網・桁あみ,動力船３トン以上５トン未満,0,2017/01/23,4.7,235,2,50,50,50,0005314,0052
閖上,マコガレイ,生鮮,小型底曳網・桁あみ,動力船３トン以上５トン未満,0,2017/01/23,9,2600,4,300,260,288.9,0005331,0052
閖上,アカシタビラメ,生鮮,小型底曳網・桁あみ,動力船３トン以上５トン未満,0,2017/01/23,21.3,5627,6,280,261,264.2,0005392,0052
閖上,アカガイ,生鮮,小型底曳網・桁あみ,動力船３トン以上５トン未満,0,2017/01/23,40.5,121795,6,3089,2939,3007.3,0005803,0052
閖上,アカガイ,生鮮,小型底曳網・桁あみ,動力船３トン以上５トン未満,0,2017/01/23,61.2,143131,6,2541,2139,2338.7,0005804,0052
閖上,アカガイ,生鮮,小型底曳網・桁あみ,動力船３トン以上５トン未満,0,2017/01/23,131.5,158180,6,1989,1051,1202.9,0005805,0052
閖上,アカガイ,生鮮,小型底曳網・桁あみ,動力船３トン以上５トン未満,0,2017/01/23,41.4,36640,6,968,881,885,0005806,0052
閖上,ガザミ,生鮮,小型底曳網・桁あみ,動力船３トン以上５トン未満,0,2017/01/23,10.1,4862,4,510,461,481.4,0006046,0052
閖上,マコガレイ,生鮮,小型底曳網・桁あみ,動力船３トン以上５トン未満,0,2017/01/25,2.5,750,1,300,300,300,0005331,0052
閖上,アカシタビラメ,生鮮,定置網・ます網つぼ網(小型定置),動力船３トン以上５トン未満,0,2017/01/25,3.1,806,1,260,260,260,0005392,0013
閖上,アカシタビラメ,生鮮,小型底曳網・桁あみ,動力船３トン以上５トン未満,0,2017/01/25,11,2860,3,260,260,260,0005392,0052
閖上,アカガイ,生鮮,定置網・ます網つぼ網(小型定置),動力船３トン以上５トン未満,0,2017/01/25,12,33600,1,3100,2600,2800,0005803,0013
閖上,アカガイ,生鮮,小型底曳網・桁あみ,動力船３トン以上５トン未満,0,2017/01/25,28,78200,3,3100,2600,2792.9,0005803,0052
閖上,アカガイ,生鮮,定置網・ます網つぼ網(小型定置),動力船３トン以上５トン未満,0,2017/01/25,7.5,16500,1,2200,2200,2200,0005804,0013
閖上,アカガイ,生鮮,小型底曳網・桁あみ,動力船３トン以上５トン未満,0,2017/01/25,21.1,44470,3,2200,1900,2107.6,0005804,0052
閖上,アカガイ,生鮮,定置網・ます網つぼ網(小型定置),動力船３トン以上５トン未満,0,2017/01/25,24,29920,1,1900,1100,1246.7,0005805,0013
閖上,アカガイ,生鮮,小型底曳網・桁あみ,動力船３トン以上５トン未満,0,2017/01/25,25.4,31860,3,1900,1100,1254.3,0005805,0052
閖上,アカガイ,生鮮,定置網・ます網つぼ網(小型定置),動力船３トン以上５トン未満,0,2017/01/25,6.1,5490,1,900,900,900,0005806,0013
閖上,アカガイ,生鮮,小型底曳網・桁あみ,動力船３トン以上５トン未満,0,2017/01/25,4.5,4050,1,900,900,900,0005806,0052
閖上,ガザミ,生鮮,定置網・ます網つぼ網(小型定置),動力船３トン以上５トン未満,0,2017/01/25,1.3,650,1,500,500,500,0006046,0013
閖上,ガザミ,生鮮,小型底曳網・桁あみ,動力船３トン以上５トン未満,0,2017/01/25,1.5,750,1,500,500,500,0006046,0052
閖上,ヌマガレイ(カワガレイ),生鮮,小型底曳網・桁あみ,動力船３トン以上５トン未満,0,2017/01/26,29.5,4310,6,200,50,146.1,0005314,0052
閖上,マコガレイ,生鮮,小型底曳網・桁あみ,動力船３トン以上５トン未満,0,2017/01/26,30.9,10974,7,600,120,355.1,0005331,0052
閖上,アカシタビラメ,生鮮,小型底曳網・桁あみ,動力船３トン以上５トン未満,0,2017/01/26,39.4,8260,7,280,100,209.6,0005392,0052
閖上,シャコ,生鮮,小型底曳網・桁あみ,動力船３トン以上５トン未満,0,2017/01/26,1.8,900,3,500,500,500,0005701,0052
閖上,アカガイ,生鮮,小型底曳網・桁あみ,動力船３トン以上５トン未満,0,2017/01/26,28.9,86543,7,3069,2660,2994.6,0005803,0052
閖上,アカガイ,生鮮,小型底曳網・桁あみ,動力船３トン以上５トン未満,0,2017/01/26,79.6,170977,7,2319,1960,2148,0005804,0052
閖上,アカガイ,生鮮,小型底曳網・桁あみ,動力船３トン以上５トン未満,0,2017/01/26,132.9,144964,7,1819,836,1090.8,0005805,0052
閖上,アカガイ,生鮮,小型底曳網・桁あみ,動力船３トン以上５トン未満,0,2017/01/26,39.2,31640,7,1050,639,807.1,0005806,0052
閖上,ガザミ,生鮮,小型底曳網・桁あみ,動力船３トン以上５トン未満,0,2017/01/26,18.2,7372,5,405,405,405.1,0006046,0052
閖上,コチ,生鮮,小型底曳網・桁あみ,動力船３トン以上５トン未満,0,2017/01/26,0.6,90,1,150,150,150,0006088,0052
閖上,イシガレイ,生鮮,小型底曳網・桁あみ,動力船３トン以上５トン未満,0,2017/01/27,2.5,325,2,130,130,130,0005306,0052
閖上,ヌマガレイ(カワガレイ),生鮮,小型底曳網・桁あみ,動力船３トン以上５トン未満,0,2017/01/27,15.5,775,3,50,50,50,0005314,0052
閖上,マコガレイ,生鮮,小型底曳網・桁あみ,動力船３トン以上５トン未満,0,2017/01/27,19.7,3843,8,300,130,195.1,0005331,0052
閖上,アカシタビラメ,生鮮,定置網・ます網つぼ網(小型定置),動力船３トン以上５トン未満,0,2017/01/27,7.8,1560,1,200,200,200,0005392,0013
閖上,アカシタビラメ,生鮮,小型底曳網・桁あみ,動力船３トン以上５トン未満,0,2017/01/27,51.4,7105,10,200,70,138.2,0005392,0052
閖上,シャコ,生鮮,小型底曳網・桁あみ,動力船３トン以上５トン未満,0,2017/01/27,1.6,640,4,400,400,400,0005701,0052
閖上,アカガイ,生鮮,定置網・ます網つぼ網(小型定置),動力船３トン以上５トン未満,0,2017/01/27,3.6,11160,1,3100,3100,3100,0005803,0013
閖上,アカガイ,生鮮,小型底曳網・桁あみ,動力船３トン以上５トン未満,0,2017/01/27,56.7,159636,10,3100,2069,2815.4,0005803,0052
閖上,アカガイ,生鮮,定置網・ます網つぼ網(小型定置),動力船３トン以上５トン未満,0,2017/01/27,17.9,40350,1,2400,2100,2254.2,0005804,0013
閖上,アカガイ,生鮮,小型底曳網・桁あみ,動力船３トン以上５トン未満,0,2017/01/27,160.2,316530,10,2400,1689,1975.8,0005804,0052
閖上,アカガイ,生鮮,定置網・ます網つぼ網(小型定置),動力船３トン以上５トン未満,0,2017/01/27,19.5,22590,1,1800,900,1158.5,0005805,0013
閖上,アカガイ,生鮮,小型底曳網・桁あみ,動力船３トン以上５トン未満,0,2017/01/27,155.8,169224,9,1800,759,1086.2,0005805,0052
閖上,アカガイ,生鮮,定置網・ます網つぼ網(小型定置),動力船３トン以上５トン未満,0,2017/01/27,5,5000,1,1000,1000,1000,0005806,0013
閖上,アカガイ,生鮮,小型底曳網・桁あみ,動力船３トン以上５トン未満,0,2017/01/27,37.3,23812,9,1000,560,638.4,0005806,0052
閖上,ホッキガイ,生鮮,小型底曳網・桁あみ,動力船３トン以上５トン未満,0,2017/01/27,100,37020,1,400,250,370.2,0005827,0051
閖上,ガザミ,生鮮,定置網・ます網つぼ網(小型定置),動力船３トン以上５トン未満,0,2017/01/27,1,450,1,450,450,450,0006046,0013
閖上,ガザミ,生鮮,小型底曳網・桁あみ,動力船３トン以上５トン未満,0,2017/01/27,24.4,10980,7,450,450,450,0006046,0052
閖上,コチ,生鮮,小型底曳網・桁あみ,動力船３トン以上５トン未満,0,2017/01/27,3.4,1360,2,400,400,400,0006088,0052
閖上,まだら,生鮮,小型底曳網・桁あみ,動力船３トン以上５トン未満,0,2017/01/30,4.4,1126,1,256,256,255.9,0005009,0052
閖上,イシガレイ,生鮮,小型底曳網・桁あみ,動力船３トン以上５トン未満,0,2017/01/30,3.6,1003,2,300,250,278.6,0005306,0052
閖上,ヌマガレイ(カワガレイ),生鮮,小型底曳網・桁あみ,動力船３トン以上５トン未満,0,2017/01/30,32.4,2940,4,100,50,90.7,0005314,0052
閖上,マコガレイ,生鮮,小型底曳網・桁あみ,動力船３トン以上５トン未満,0,2017/01/30,44.1,13009,9,600,200,295,0005331,0052
閖上,アカシタビラメ,生鮮,小型底曳網・桁あみ,動力船３トン以上５トン未満,0,2017/01/30,130,33522,11,360,150,257.9,0005392,0052
閖上,シャコ,生鮮,小型底曳網・桁あみ,動力船３トン以上５トン未満,0,2017/01/30,3.9,2349,4,608,560,602.3,0005701,0052
閖上,アカガイ,生鮮,小型底曳網・桁あみ,動力船３トン以上５トン未満,0,2017/01/30,216.3,528234,11,3201,1678,2442.1,0005803,0052
閖上,アカガイ,生鮮,小型底曳網・桁あみ,動力船３トン以上５トン未満,0,2017/01/30,303.8,569887,11,2369,1500,1875.9,0005804,0052
閖上,アカガイ,生鮮,小型底曳網・桁あみ,動力船３トン以上５トン未満,0,2017/01/30,316.8,308130,11,1733,708,972.6,0005805,0052
閖上,アカガイ,生鮮,小型底曳網・桁あみ,動力船３トン以上５トン未満,0,2017/01/30,121.7,69689,11,1000,500,572.6,0005806,0052
閖上,ホッキガイ,生鮮,小型底曳網・桁あみ,動力船３トン以上５トン未満,0,2017/01/30,121,52925,2,480,250,437.4,0005827,0051
閖上,ガザミ,生鮮,小型底曳網・桁あみ,動力船３トン以上５トン未満,0,2017/01/30,18.2,9419,4,621,481,517.5,0006046,0052
閖上,コチ,生鮮,小型底曳網・桁あみ,動力船３トン以上５トン未満,0,2017/01/30,0.8,130,2,200,150,162.5,0006088,0052
閖上,ひらめ,生鮮,小型底曳網・桁あみ,動力船３トン以上５トン未満,0,2017/01/30,3.6,3600,1,1000,1000,1000,0006224,0052
閖上,イシガレイ,生鮮,小型底曳網・桁あみ,動力船３トン以上５トン未満,0,2017/02/01,2.6,312,2,120,120,120,0005306,0052
閖上,ヌマガレイ(カワガレイ),生鮮,小型底曳網・桁あみ,動力船３トン以上５トン未満,0,2017/02/01,6.1,305,1,50,50,50,0005314,0052
閖上,マコガレイ,生鮮,定置網・ます網つぼ網(小型定置),動力船３トン以上５トン未満,0,2017/02/01,5,1500,1,300,300,300,0005331,0013
閖上,マコガレイ,生鮮,小型底曳網・桁あみ,動力船３トン以上５トン未満,0,2017/02/01,31.2,5296,8,300,120,169.7,0005331,0052
閖上,アカシタビラメ,生鮮,定置網・ます網つぼ網(小型定置),動力船３トン以上５トン未満,0,2017/02/01,5.7,1425,1,250,250,250,0005392,0013
閖上,アカシタビラメ,生鮮,小型底曳網・桁あみ,動力船３トン以上５トン未満,0,2017/02/01,72.6,12222,10,250,120,168.3,0005392,0052
閖上,ミズダコ,生鮮,小型底曳網・桁あみ,動力船３トン以上５トン未満,0,2017/02/01,3.3,990,1,300,300,300,0005503,0052
閖上,シャコ,生鮮,小型底曳網・桁あみ,動力船３トン以上５トン未満,0,2017/02/01,2.3,1177,4,511,511,511.7,0005701,0052
閖上,アカガイ,生鮮,定置網・ます網つぼ網(小型定置),動力船３トン以上５トン未満,0,2017/02/01,8.7,21750,1,2500,2500,2500,0005803,0013
閖上,アカガイ,生鮮,小型底曳網・桁あみ,動力船３トン以上５トン未満,0,2017/02/01,74.1,176939,10,2733,1501,2387.8,0005803,0052
閖上,アカガイ,生鮮,定置網・ます網つぼ網(小型定置),動力船３トン以上５トン未満,0,2017/02/01,16.3,31440,1,2000,1800,1928.8,0005804,0013
閖上,アカガイ,生鮮,小型底曳網・桁あみ,動力船３トン以上５トン未満,0,2017/02/01,172.8,298274,10,2000,1528,1726.1,0005804,0052
閖上,アカガイ,生鮮,定置網・ます網つぼ網(小型定置),動力船３トン以上５トン未満,0,2017/02/01,9.5,9840,1,1500,800,1035.8,0005805,0013
閖上,アカガイ,生鮮,小型底曳網・桁あみ,動力船３トン以上５トン未満,0,2017/02/01,162.2,143030,10,1500,650,881.8,0005805,0052
閖上,アカガイ,生鮮,定置網・ます網つぼ網(小型定置),動力船３トン以上５トン未満,0,2017/02/01,3.8,2660,1,700,700,700,0005806,0013
閖上,アカガイ,生鮮,小型底曳網・桁あみ,動力船３トン以上５トン未満,0,2017/02/01,53.1,21115,10,700,300,397.6,0005806,0052
閖上,ガザミ,生鮮,小型底曳網・桁あみ,動力船３トン以上５トン未満,0,2017/02/01,16.2,5848,4,361,361,361,0006046,0052
閖上,ひらめ,生鮮,定置網・ます網つぼ網(小型定置),動力船３トン以上５トン未満,0,2017/02/01,1.8,1800,1,1000,1000,1000,0006224,0013
閖上,ひらめ,生鮮,小型底曳網・桁あみ,動力船３トン以上５トン未満,0,2017/02/01,2.5,2500,1,1000,1000,1000,0006224,0052
閖上,マコガレイ,生鮮,小型底曳網・桁あみ,動力船３トン以上５トン未満,0,2017/02/02,22.8,3420,3,150,150,150,0005331,0052
閖上,アカシタビラメ,生鮮,小型底曳網・桁あみ,動力船３トン以上５トン未満,0,2017/02/02,23.5,2820,4,120,120,120,0005392,0052
閖上,アカガイ,生鮮,小型底曳網・桁あみ,動力船３トン以上５トン未満,0,2017/02/02,39.5,97450,4,2500,1500,2467.1,0005803,0052
閖上,アカガイ,生鮮,小型底曳網・桁あみ,動力船３トン以上５トン未満,0,2017/02/02,115.4,190570,4,1700,1600,1651.4,0005804,0052
閖上,アカガイ,生鮮,小型底曳網・桁あみ,動力船３トン以上５トン未満,0,2017/02/02,77.1,70520,4,1200,700,914.7,0005805,0052
閖上,アカガイ,生鮮,小型底曳網・桁あみ,動力船３トン以上５トン未満,0,2017/02/02,11,4400,3,400,400,400,0005806,0052
閖上,ホッキガイ,生鮮,小型底曳網・桁あみ,動力船３トン以上５トン未満,0,2017/02/02,69,29670,1,430,430,430,0005827,0051
閖上,コチ,生鮮,小型底曳網・桁あみ,動力船３トン以上５トン未満,0,2017/02/02,2.8,840,1,300,300,300,0006088,0052
閖上,ひらめ,生鮮,小型底曳網・桁あみ,動力船３トン以上５トン未満,0,2017/02/02,8,8000,1,1000,1000,1000,0006224,0052
閖上,ホッキガイ,生鮮,小型底曳網・桁あみ,動力船３トン以上５トン未満,0,2017/02/03,48.3,19000,1,400,350,393.4,0005827,0051
閖上,まだら,生鮮,小型底曳網・桁あみ,動力船３トン以上５トン未満,0,2017/02/06,11.5,1952,2,200,160,169.7,0005009,0052
閖上,イシガレイ,生鮮,小型底曳網・桁あみ,動力船３トン以上５トン未満,0,2017/02/06,4.8,1200,2,250,250,250,0005306,0052
閖上,ヌマガレイ(カワガレイ),生鮮,小型底曳網・桁あみ,動力船３トン以上５トン未満,0,2017/02/06,33.7,1685,4,50,50,50,0005314,0052
閖上,ホシガレイ,生鮮,小型底曳網・桁あみ,動力船３トン以上５トン未満,0,2017/02/06,0.4,480,1,1200,1200,1200,0005324,0052
閖上,マコガレイ,生鮮,小型底曳網・桁あみ,動力船３トン以上５トン未満,0,2017/02/06,74.4,18600,10,250,250,250,0005331,0052
閖上,アカシタビラメ,生鮮,小型底曳網・桁あみ,動力船３トン以上５トン未満,0,2017/02/06,87.1,22039,10,280,250,253,0005392,0052
閖上,シャコ,生鮮,小型底曳網・桁あみ,動力船３トン以上５トン未満,0,2017/02/06,1.5,883,3,610,570,588.7,0005701,0052
閖上,アカガイ,生鮮,小型底曳網・桁あみ,動力船３トン以上５トン未満,0,2017/02/06,130.4,304293,11,2839,1389,2333.5,0005803,0052
閖上,アカガイ,生鮮,小型底曳網・桁あみ,動力船３トン以上５トン未満,0,2017/02/06,296.5,572300,11,2200,1569,1930.2,0005804,0052
閖上,アカガイ,生鮮,小型底曳網・桁あみ,動力船３トン以上５トン未満,0,2017/02/06,266,285253,11,1639,739,1072.4,0005805,0052
閖上,アカガイ,生鮮,小型底曳網・桁あみ,動力船３トン以上５トン未満,0,2017/02/06,102.2,53179,10,700,431,520.3,0005806,0052
閖上,ホッキガイ,生鮮,小型底曳網・桁あみ,動力船３トン以上５トン未満,0,2017/02/06,48,19950,1,420,350,415.6,0005827,0051
閖上,ガザミ,生鮮,小型底曳網・桁あみ,動力船３トン以上５トン未満,0,2017/02/06,23.2,11185,5,489,469,482.1,0006046,0052
閖上,コチ,生鮮,小型底曳網・桁あみ,動力船３トン以上５トン未満,0,2017/02/06,0.7,105,1,150,150,150,0006088,0052
閖上,ひらめ,生鮮,小型底曳網・桁あみ,動力船３トン以上５トン未満,0,2017/02/06,13.4,10190,3,1000,500,760.4,0006224,0052
閖上,まだら,生鮮,小型底曳網・桁あみ,動力船３トン以上５トン未満,0,2017/02/08,3.4,510,1,150,150,150,0005009,0052
閖上,マコガレイ,生鮮,小型底曳網・桁あみ,動力船３トン以上５トン未満,0,2017/02/08,41.1,7398,9,250,130,180,0005331,0052
閖上,アカシタビラメ,生鮮,小型底曳網・桁あみ,動力船３トン以上５トン未満,0,2017/02/08,55.7,10435,10,250,150,187.3,0005392,0052
閖上,シャコ,生鮮,小型底曳網・桁あみ,動力船３トン以上５トン未満,0,2017/02/08,0.3,150,1,500,500,500,0005701,0052
閖上,アカガイ,生鮮,小型底曳網・桁あみ,動力船３トン以上５トン未満,0,2017/02/08,86.4,204851,10,2600,1608,2371,0005803,0052
閖上,アカガイ,生鮮,小型底曳網・桁あみ,動力船３トン以上５トン未満,0,2017/02/08,179.7,333235,10,2000,1609,1854.4,0005804,0052
閖上,アカガイ,生鮮,小型底曳網・桁あみ,動力船３トン以上５トン未満,0,2017/02/08,96,100689,10,1469,839,1048.8,0005805,0052
閖上,アカガイ,生鮮,小型底曳網・桁あみ,動力船３トン以上５トン未満,0,2017/02/08,38.6,23347,9,608,600,604.8,0005806,0052
閖上,その他の巻き貝,生鮮,小型底曳網・桁あみ,動力船３トン以上５トン未満,0,2017/02/08,0.4,120,1,300,300,300,0005815,0052
閖上,ガザミ,生鮮,小型底曳網・桁あみ,動力船３トン以上５トン未満,0,2017/02/08,4.1,1800,3,439,439,439,0006046,0052
閖上,コチ,生鮮,小型底曳網・桁あみ,動力船３トン以上５トン未満,0,2017/02/08,1.4,140,2,100,100,100,0006088,0052
閖上,ひらめ,生鮮,小型底曳網・桁あみ,動力船３トン以上５トン未満,0,2017/02/08,12,9600,3,1000,600,800,0006224,0052
閖上,イシガレイ,生鮮,小型底曳網・桁あみ,動力船３トン以上５トン未満,0,2017/02/09,2,300,2,150,150,150,0005306,0052
閖上,マコガレイ,生鮮,小型底曳網・桁あみ,動力船３トン以上５トン未満,0,2017/02/09,43.8,5582,11,150,110,127.4,0005331,0052
閖上,アカシタビラメ,生鮮,小型底曳網・桁あみ,動力船３トン以上５トン未満,0,2017/02/09,61.2,7596,11,150,100,124.1,0005392,0052
閖上,シャコ,生鮮,小型底曳網・桁あみ,動力船３トン以上５トン未満,0,2017/02/09,0.3,152,1,508,508,506.7,0005701,0052
閖上,アカガイ,生鮮,小型底曳網・桁あみ,動力船３トン以上５トン未満,0,2017/02/09,61.2,139144,10,2739,1600,2273.6,0005803,0052
閖上,アカガイ,生鮮,小型底曳網・桁あみ,動力船３トン以上５トン未満,0,2017/02/09,185.5,371429,11,2500,1700,2002.3,0005804,0052
閖上,アカガイ,生鮮,小型底曳網・桁あみ,動力船３トン以上５トン未満,0,2017/02/09,104.7,138915,11,1700,800,1326.8,0005805,0052
閖上,アカガイ,生鮮,小型底曳網・桁あみ,動力船３トン以上５トン未満,0,2017/02/09,41.6,30821,11,856,600,740.9,0005806,0052
閖上,ガザミ,生鮮,小型底曳網・桁あみ,動力船３トン以上５トン未満,0,2017/02/09,10.7,5243,6,490,490,490,0006046,0052
閖上,まだら,生鮮,小型底曳網・桁あみ,動力船３トン以上５トン未満,0,2017/02/13,6.8,904,1,420,100,132.9,0005009,0052
閖上,ホシガレイ,生鮮,小型底曳網・桁あみ,動力船３トン以上５トン未満,0,2017/02/13,0.4,480,1,1200,1200,1200,0005324,0052
閖上,マガレイ,生鮮,小型底曳網・桁あみ,動力船３トン以上５トン未満,0,2017/02/13,0.5,140,1,280,280,280,0005329,0052
閖上,マコガレイ,生鮮,小型底曳網・桁あみ,動力船３トン以上５トン未満,0,2017/02/13,108,33642,11,550,150,311.5,0005331,0052
閖上,アカシタビラメ,生鮮,小型底曳網・桁あみ,動力船３トン以上５トン未満,0,2017/02/13,163.8,41670,11,360,130,254.4,0005392,0052
閖上,シャコ,生鮮,小型底曳網・桁あみ,動力船３トン以上５トン未満,0,2017/02/13,4.5,2823,4,631,620,627.3,0005701,0052
閖上,アカガイ,生鮮,小型底曳網・桁あみ,動力船３トン以上５トン未満,0,2017/02/13,296.5,692015,11,2889,1688,2333.9,0005803,0052
閖上,アカガイ,生鮮,小型底曳網・桁あみ,動力船３トン以上５トン未満,0,2017/02/13,310.4,636320,11,2319,1700,2050,0005804,0052
閖上,アカガイ,生鮮,小型底曳網・桁あみ,動力船３トン以上５トン未満,0,2017/02/13,234.9,287969,11,1889,800,1225.9,0005805,0052
閖上,アカガイ,生鮮,小型底曳網・桁あみ,動力船３トン以上５トン未満,0,2017/02/13,66.5,60910,9,1089,700,915.9,0005806,0052
閖上,ホッキガイ,生鮮,小型底曳網・桁あみ,動力船３トン以上５トン未満,0,2017/02/13,45,18960,1,430,400,421.3,0005827,0051
閖上,ガザミ,生鮮,小型底曳網・桁あみ,動力船３トン以上５トン未満,0,2017/02/13,17.8,8247,4,490,420,463.3,0006046,0052
閖上,コチ,生鮮,小型底曳網・桁あみ,動力船３トン以上５トン未満,0,2017/02/13,3.7,895,2,300,100,241.9,0006088,0052
閖上,ひらめ,生鮮,小型底曳網・桁あみ,動力船３トン以上５トン未満,0,2017/02/13,5.9,3920,1,980,600,664.4,0006224,0052
閖上,アカガイ,生鮮,小型底曳網・桁あみ,動力船３トン以上５トン未満,0,2017/02/14,0,0,1,2689,2689,0,0005803,0052
閖上,アカガイ,生鮮,小型底曳網・桁あみ,動力船３トン以上５トン未満,0,2017/02/14,0,0,1,2289,2289,0,0005804,0052
閖上,アカガイ,生鮮,小型底曳網・桁あみ,動力船３トン以上５トン未満,0,2017/02/14,0,0,1,1889,1139,0,0005805,0052
閖上,マコガレイ,生鮮,小型底曳網・桁あみ,動力船３トン以上５トン未満,0,2017/02/15,57.8,12440,10,280,150,215.2,0005331,0052
閖上,アカシタビラメ,生鮮,小型底曳網・桁あみ,動力船３トン以上５トン未満,0,2017/02/15,81.6,15305,11,250,100,187.6,0005392,0052
閖上,シャコ,生鮮,小型底曳網・桁あみ,動力船３トン以上５トン未満,0,2017/02/15,2.4,1717,4,715,715,715.4,0005701,0052
閖上,アカガイ,生鮮,小型底曳網・桁あみ,動力船３トン以上５トン未満,0,2017/02/15,198.6,397170,11,2441,1508,1999.8,0005803,0052
閖上,アカガイ,生鮮,小型底曳網・桁あみ,動力船３トン以上５トン未満,0,2017/02/15,124.3,241785,11,2089,1800,1945.2,0005804,0052
閖上,アカガイ,生鮮,小型底曳網・桁あみ,動力船３トン以上５トン未満,0,2017/02/15,119.5,130889,11,1729,868,1095.3,0005805,0052
閖上,アカガイ,生鮮,小型底曳網・桁あみ,動力船３トン以上５トン未満,0,2017/02/15,31.3,26114,10,868,800,834.3,0005806,0052
閖上,ホッキガイ,生鮮,小型底曳網・桁あみ,動力船３トン以上５トン未満,0,2017/02/15,54,21600,1,400,400,400,0005827,0051
閖上,ガザミ,生鮮,小型底曳網・桁あみ,動力船３トン以上５トン未満,0,2017/02/15,11.7,6984,5,680,500,596.9,0006046,0052
閖上,コチ,生鮮,小型底曳網・桁あみ,動力船３トン以上５トン未満,0,2017/02/15,2.3,276,2,120,120,120,0006088,0052
閖上,ひらめ,生鮮,小型底曳網・桁あみ,動力船３トン以上５トン未満,0,2017/02/15,9.1,5206,3,1000,361,572.1,0006224,0052
閖上,マコガレイ,生鮮,小型底曳網・桁あみ,動力船３トン以上５トン未満,0,2017/02/16,56.6,7308,9,150,120,129.1,0005331,0052
閖上,アカシタビラメ,生鮮,小型底曳網・桁あみ,動力船３トン以上５トン未満,0,2017/02/16,61.9,8000,9,150,100,129.2,0005392,0052
閖上,シャコ,生鮮,小型底曳網・桁あみ,動力船３トン以上５トン未満,0,2017/02/16,1.1,806,3,732,732,732.7,0005701,0052
閖上,アカガイ,生鮮,小型底曳網・桁あみ,動力船３トン以上５トン未満,0,2017/02/16,192.7,366789,11,2400,1501,1903.4,0005803,0052
閖上,アカガイ,生鮮,小型底曳網・桁あみ,動力船３トン以上５トン未満,0,2017/02/16,88.7,167057,11,2039,1708,1883.4,0005804,0052
閖上,アカガイ,生鮮,小型底曳網・桁あみ,動力船３トン以上５トン未満,0,2017/02/16,112.4,119425,11,1700,800,1062.5,0005805,0052
閖上,アカガイ,生鮮,小型底曳網・桁あみ,動力船３トン以上５トン未満,0,2017/02/16,22.9,17759,10,808,601,775.5,0005806,0052
閖上,その他の巻き貝,生鮮,小型底曳網・桁あみ,動力船３トン以上５トン未満,0,2017/02/16,2.6,1486,2,732,500,571.5,0005815,0052
閖上,ホッキガイ,生鮮,小型底曳網・桁あみ,動力船３トン以上５トン未満,0,2017/02/16,258,97890,2,420,330,379.4,0005827,0051
閖上,ガザミ,生鮮,小型底曳網・桁あみ,動力船３トン以上５トン未満,0,2017/02/16,10.6,6516,5,639,510,614.7,0006046,0052
閖上,ひらめ,生鮮,小型底曳網・桁あみ,動力船３トン以上５トン未満,0,2017/02/16,15,9570,4,800,350,638,0006224,0052
閖上,マコガレイ,生鮮,小型底曳網・桁あみ,動力船３トン以上５トン未満,0,2017/02/17,13,1950,1,150,150,150,0005331,0052
閖上,アカシタビラメ,生鮮,小型底曳網・桁あみ,動力船３トン以上５トン未満,0,2017/02/17,23.5,3055,4,130,130,130,0005392,0052
閖上,アカガイ,生鮮,小型底曳網・桁あみ,動力船３トン以上５トン未満,0,2017/02/17,68.7,137510,4,2400,1700,2001.6,0005803,0052
閖上,アカガイ,生鮮,小型底曳網・桁あみ,動力船３トン以上５トン未満,0,2017/02/17,38.6,74340,4,2000,1800,1925.9,0005804,0052
閖上,アカガイ,生鮮,小型底曳網・桁あみ,動力船３トン以上５トン未満,0,2017/02/17,29.9,29980,4,1400,800,1002.7,0005805,0052
閖上,アカガイ,生鮮,小型底曳網・桁あみ,動力船３トン以上５トン未満,0,2017/02/17,8.3,6640,3,800,800,800,0005806,0052
閖上,その他の巻き貝,生鮮,小型底曳網・桁あみ,動力船３トン以上５トン未満,0,2017/02/17,4.4,3080,2,700,700,700,0005815,0052
閖上,ひらめ,生鮮,小型底曳網・桁あみ,動力船３トン以上５トン未満,0,2017/02/17,6.3,5040,1,800,800,800,0006224,0052
閖上,イシガレイ,生鮮,小型底曳網・桁あみ,動力船３トン以上５トン未満,0,2017/02/20,1.7,425,2,250,250,250,0005306,0052
閖上,マコガレイ,生鮮,小型底曳網・桁あみ,動力船３トン以上５トン未満,0,2017/02/20,99.7,19163,11,250,130,192.2,0005331,0052
閖上,アカシタビラメ,生鮮,小型底曳網・桁あみ,動力船３トン以上５トン未満,0,2017/02/20,75.8,18303,8,300,150,241.5,0005392,0052
閖上,アカガイ,生鮮,小型底曳網・桁あみ,動力船３トン以上５トン未満,0,2017/02/20,306.3,610475,11,2419,1400,1993.1,0005803,0052
閖上,アカガイ,生鮮,小型底曳網・桁あみ,動力船３トン以上５トン未満,0,2017/02/20,133.1,265655,11,2200,1750,1995.9,0005804,0052
閖上,アカガイ,生鮮,小型底曳網・桁あみ,動力船３トン以上５トン未満,0,2017/02/20,133.1,163113,11,1600,1000,1225.5,0005805,0052
閖上,アカガイ,生鮮,小型底曳網・桁あみ,動力船３トン以上５トン未満,0,2017/02/20,47.6,36266,10,800,640,761.9,0005806,0052
閖上,ガザミ,生鮮,小型底曳網・桁あみ,動力船３トン以上５トン未満,0,2017/02/20,19,10966,5,689,455,577.2,0006046,0052
閖上,コチ,生鮮,小型底曳網・桁あみ,動力船３トン以上５トン未満,0,2017/02/20,7.2,1890,3,380,130,262.5,0006088,0052
閖上,ひらめ,生鮮,小型底曳網・桁あみ,動力船３トン以上５トン未満,0,2017/02/20,21.8,12235,5,800,350,561.2,0006224,0052
閖上,イシガレイ,生鮮,小型底曳網・桁あみ,動力船３トン以上５トン未満,0,2017/02/22,2.5,325,1,130,130,130,0005306,0052
閖上,ホシガレイ,生鮮,小型底曳網・桁あみ,動力船３トン以上５トン未満,0,2017/02/22,2.4,13200,1,5500,5500,5500,0005324,0052
閖上,マコガレイ,生鮮,小型底曳網・桁あみ,動力船３トン以上５トン未満,0,2017/02/22,64.1,8333,10,130,130,130,0005331,0052
閖上,アカシタビラメ,生鮮,小型底曳網・桁あみ,動力船３トン以上５トン未満,0,2017/02/22,39.4,5910,8,150,150,150,0005392,0052
閖上,シャコ,生鮮,小型底曳網・桁あみ,動力船３トン以上５トン未満,0,2017/02/22,1.1,680,3,700,400,618.2,0005701,0052
閖上,アカガイ,生鮮,小型底曳網・桁あみ,動力船３トン以上５トン未満,0,2017/02/22,221.4,369860,11,2400,1350,1670.6,0005803,0052
閖上,アカガイ,生鮮,小型底曳網・桁あみ,動力船３トン以上５トン未満,0,2017/02/22,87.4,176040,11,2400,1800,2014.2,0005804,0052
閖上,アカガイ,生鮮,小型底曳網・桁あみ,動力船３トン以上５トン未満,0,2017/02/22,88.1,106478,11,1800,860,1208.6,0005805,0052
閖上,アカガイ,生鮮,小型底曳網・桁あみ,動力船３トン以上５トン未満,0,2017/02/22,33.6,22410,11,700,650,667,0005806,0052
閖上,その他の巻き貝,生鮮,小型底曳網・桁あみ,動力船３トン以上５トン未満,0,2017/02/22,2.4,1200,2,500,500,500,0005815,0052
閖上,ホッキガイ,生鮮,小型底曳網・桁あみ,動力船３トン以上５トン未満,0,2017/02/22,40.6,17078,1,430,380,420.6,0005827,0051
閖上,ガザミ,生鮮,小型底曳網・桁あみ,動力船３トン以上５トン未満,0,2017/02/22,8.9,4454,2,750,56,500.4,0006046,0052
閖上,コチ,生鮮,小型底曳網・桁あみ,動力船３トン以上５トン未満,0,2017/02/22,1.2,180,2,150,150,150,0006088,0052
閖上,ひらめ,生鮮,小型底曳網・桁あみ,動力船３トン以上５トン未満,0,2017/02/22,11.8,6540,5,800,400,554.2,0006224,0052
閖上,マコガレイ,生鮮,小型底曳網・桁あみ,動力船３トン以上５トン未満,0,2017/02/23,22.7,2951,2,130,130,130,0005331,0052
閖上,アカシタビラメ,生鮮,小型底曳網・桁あみ,動力船３トン以上５トン未満,0,2017/02/23,8,1200,2,150,150,150,0005392,0052
閖上,アカガイ,生鮮,小型底曳網・桁あみ,動力船３トン以上５トン未満,0,2017/02/23,62.8,117620,3,2400,1400,1872.9,0005803,0052
閖上,アカガイ,生鮮,小型底曳網・桁あみ,動力船３トン以上５トン未満,0,2017/02/23,35.3,67980,3,2000,1800,1925.8,0005804,0052
閖上,アカガイ,生鮮,小型底曳網・桁あみ,動力船３トン以上５トン未満,0,2017/02/23,25.1,29060,3,1600,850,1157.8,0005805,0052
閖上,アカガイ,生鮮,小型底曳網・桁あみ,動力船３トン以上５トン未満,0,2017/02/23,11.5,7475,3,650,650,650,0005806,0052
閖上,その他の巻き貝,生鮮,小型底曳網・桁あみ,動力船３トン以上５トン未満,0,2017/02/23,1.5,750,1,500,500,500,0005815,0052
閖上,ガザミ,生鮮,小型底曳網・桁あみ,動力船３トン以上５トン未満,0,2017/02/23,2,1400,1,700,700,700,0006046,0052
閖上,ヌマガレイ(カワガレイ),生鮮,小型底曳網・桁あみ,動力船３トン以上５トン未満,0,2017/02/27,1.3,65,1,50,50,50,0005314,0052
閖上,マコガレイ,生鮮,小型底曳網・桁あみ,動力船３トン以上５トン未満,0,2017/02/27,87,18790,8,250,150,216,0005331,0052
閖上,アカシタビラメ,生鮮,小型底曳網・桁あみ,動力船３トン以上５トン未満,0,2017/02/27,76.8,16196,11,285,140,210.9,0005392,0052
閖上,シャコ,生鮮,小型底曳網・桁あみ,動力船３トン以上５トン未満,0,2017/02/27,2.3,1450,3,700,500,630.4,0005701,0052
閖上,アカガイ,生鮮,小型底曳網・桁あみ,動力船３トン以上５トン未満,0,2017/02/27,390.5,723992,11,2489,1230,1854,0005803,0052
閖上,アカガイ,生鮮,小型底曳網・桁あみ,動力船３トン以上５トン未満,0,2017/02/27,119.8,250471,11,2169,2000,2090.7,0005804,0052
閖上,アカガイ,生鮮,小型底曳網・桁あみ,動力船３トン以上５トン未満,0,2017/02/27,105.3,139996,10,1739,839,1329.5,0005805,0052
閖上,アカガイ,生鮮,小型底曳網・桁あみ,動力船３トン以上５トン未満,0,2017/02/27,54.9,41055,10,1500,689,747.8,0005806,0052
閖上,その他の巻き貝,生鮮,小型底曳網・桁あみ,動力船３トン以上５トン未満,0,2017/02/27,6.2,3954,2,640,635,637.7,0005815,0052
閖上,ホッキガイ,生鮮,小型底曳網・桁あみ,動力船３トン以上５トン未満,0,2017/02/27,110,45080,1,420,400,409.8,0005827,0051
閖上,ガザミ,生鮮,小型底曳網・桁あみ,動力船３トン以上５トン未満,0,2017/02/27,35.8,20985,4,650,450,586.2,0006046,0052
閖上,コチ,生鮮,小型底曳網・桁あみ,動力船３トン以上５トン未満,0,2017/02/27,6.2,1060,4,250,100,171,0006088,0052
閖上,ひらめ,生鮮,小型底曳網・桁あみ,動力船３トン以上５トン未満,0,2017/02/27,13.1,9145,3,900,500,698.1,0006224,0052
閖上,ホシガレイ,生鮮,小型底曳網・桁あみ,動力船３トン以上５トン未満,0,2017/02/28,2.3,12650,1,5500,5500,5500,0005324,0052
閖上,マコガレイ,生鮮,小型底曳網・桁あみ,動力船３トン以上５トン未満,0,2017/02/28,21.5,3225,4,150,150,150,0005331,0052
閖上,アカシタビラメ,生鮮,小型底曳網・桁あみ,動力船３トン以上５トン未満,0,2017/02/28,13.8,1932,3,140,140,140,0005392,0052
閖上,アカガイ,生鮮,小型底曳網・桁あみ,動力船３トン以上５トン未満,0,2017/02/28,57.9,118570,4,2500,1400,2047.8,0005803,0052
閖上,アカガイ,生鮮,小型底曳網・桁あみ,動力船３トン以上５トン未満,0,2017/02/28,39.2,80820,4,2100,2000,2061.7,0005804,0052
閖上,アカガイ,生鮮,小型底曳網・桁あみ,動力船３トン以上５トン未満,0,2017/02/28,18.4,24350,4,1500,1000,1323.4,0005805,0052
閖上,アカガイ,生鮮,小型底曳網・桁あみ,動力船３トン以上５トン未満,0,2017/02/28,9.1,6370,4,1339,700,700,0005806,0052
閖上,ガザミ,生鮮,小型底曳網・桁あみ,動力船３トン以上５トン未満,0,2017/02/28,4,2000,1,500,500,500,0006046,0052
閖上,ひらめ,生鮮,小型底曳網・桁あみ,動力船３トン以上５トン未満,0,2017/02/28,1.2,960,1,800,800,800,0006224,0052
閖上,イシガレイ,生鮮,小型底曳網・桁あみ,動力船３トン以上５トン未満,0,2017/03/01,0.8,80,1,100,100,100,0005306,0052
閖上,ホシガレイ,生鮮,小型底曳網・桁あみ,動力船３トン以上５トン未満,0,2017/03/01,0.3,240,1,800,800,800,0005324,0052
閖上,マコガレイ,生鮮,小型底曳網・桁あみ,動力船３トン以上５トン未満,0,2017/03/01,41.6,6240,6,150,150,150,0005331,0052
閖上,アカシタビラメ,生鮮,小型底曳網・桁あみ,動力船３トン以上５トン未満,0,2017/03/01,33.9,5085,7,150,150,150,0005392,0052
閖上,シャコ,生鮮,小型底曳網・桁あみ,動力船３トン以上５トン未満,0,2017/03/01,0.2,80,1,400,400,400,0005701,0052
閖上,アカガイ,生鮮,小型底曳網・桁あみ,動力船３トン以上５トン未満,0,2017/03/01,132.6,218345,7,2489,1308,1646.6,0005803,0052
閖上,アカガイ,生鮮,小型底曳網・桁あみ,動力船３トン以上５トン未満,0,2017/03/01,35,69171,7,2089,1908,1976.3,0005804,0052
閖上,アカガイ,生鮮,小型底曳網・桁あみ,動力船３トン以上５トン未満,0,2017/03/01,51.7,70198,7,1808,1100,1357.8,0005805,0052
閖上,アカガイ,生鮮,小型底曳網・桁あみ,動力船３トン以上５トン未満,0,2017/03/01,15.1,11914,6,789,789,789,0005806,0052
閖上,その他の巻き貝,生鮮,小型底曳網・桁あみ,動力船３トン以上５トン未満,0,2017/03/01,2.1,1050,1,500,500,500,0005815,0052
閖上,ホッキガイ,生鮮,小型底曳網・桁あみ,動力船３トン以上５トン未満,0,2017/03/01,41,17400,1,450,400,424.4,0005827,0051
閖上,ガザミ,生鮮,小型底曳網・桁あみ,動力船３トン以上５トン未満,0,2017/03/01,25,10956,5,650,300,438.2,0006046,0052
閖上,コチ,生鮮,小型底曳網・桁あみ,動力船３トン以上５トン未満,0,2017/03/01,2,235,3,150,100,117.5,0006088,0052
閖上,ひらめ,生鮮,小型底曳網・桁あみ,動力船３トン以上５トン未満,0,2017/03/01,5.9,2990,3,600,400,506.8,0006224,0052
閖上,まだら,生鮮,小型底曳網・桁あみ,動力船３トン以上５トン未満,0,2017/03/02,7.6,1900,1,250,250,250,0005009,0052
閖上,マコガレイ,生鮮,小型底曳網・桁あみ,動力船３トン以上５トン未満,0,2017/03/02,74.4,14688,10,330,150,197.4,0005331,0052
閖上,アカシタビラメ,生鮮,小型底曳網・桁あみ,動力船３トン以上５トン未満,0,2017/03/02,39.3,9689,8,280,150,246.5,0005392,0052
閖上,シャコ,生鮮,小型底曳網・桁あみ,動力船３トン以上５トン未満,0,2017/03/02,0.6,430,3,715,715,716.7,0005701,0052
閖上,アカガイ,生鮮,小型底曳網・桁あみ,動力船３トン以上５トン未満,0,2017/03/02,151.4,283078,10,2891,1289,1869.7,0005803,0052
閖上,アカガイ,生鮮,小型底曳網・桁あみ,動力船３トン以上５トン未満,0,2017/03/02,72.5,154976,10,2689,2000,2137.6,0005804,0052
閖上,アカガイ,生鮮,小型底曳網・桁あみ,動力船３トン以上５トン未満,0,2017/03/02,70.7,108039,10,1979,1100,1528.1,0005805,0052
閖上,アカガイ,生鮮,小型底曳網・桁あみ,動力船３トン以上５トン未満,0,2017/03/02,24.1,19312,9,802,800,801.3,0005806,0052
閖上,その他の巻き貝,生鮮,小型底曳網・桁あみ,動力船３トン以上５トン未満,0,2017/03/02,13.2,7550,5,640,500,572,0005815,0052
閖上,ガザミ,生鮮,小型底曳網・桁あみ,動力船３トン以上５トン未満,0,2017/03/02,36.7,15508,8,660,280,422.6,0006046,0052
閖上,コチ,生鮮,小型底曳網・桁あみ,動力船３トン以上５トン未満,0,2017/03/02,2.8,763,4,330,100,272.5,0006088,0052
閖上,ひらめ,生鮮,小型底曳網・桁あみ,動力船３トン以上５トン未満,0,2017/03/02,2.7,2430,2,1000,700,900,0006224,0052
閖上,イシガレイ,生鮮,小型底曳網・桁あみ,動力船３トン以上５トン未満,0,2017/03/06,2,500,1,250,250,250,0005306,0052
閖上,ヌマガレイ(カワガレイ),生鮮,小型底曳網・桁あみ,動力船３トン以上５トン未満,0,2017/03/06,0.8,40,1,50,50,50,0005314,0052
閖上,マコガレイ,生鮮,北洋底曳網,動力船３トン以上５トン未満,0,2017/03/06,1.7,272,1,160,160,160,0005331,0001
閖上,マコガレイ,生鮮,小型底曳網・桁あみ,動力船３トン以上５トン未満,0,2017/03/06,104.8,20550,11,250,160,196.1,0005331,0052
閖上,アカシタビラメ,生鮮,北洋底曳網,動力船３トン以上５トン未満,0,2017/03/06,5.1,765,1,150,150,150,0005392,0001
閖上,アカシタビラメ,生鮮,小型底曳網・桁あみ,動力船３トン以上５トン未満,0,2017/03/06,82.9,16079,10,250,150,194,0005392,0052
閖上,シャコ,生鮮,小型底曳網・桁あみ,動力船３トン以上５トン未満,0,2017/03/06,1.6,1132,3,720,620,707.5,0005701,0052
閖上,アカガイ,生鮮,北洋底曳網,動力船３トン以上５トン未満,0,2017/03/06,4.3,9711,1,2438,1383,2258.4,0005803,0001
閖上,アカガイ,生鮮,小型底曳網・桁あみ,動力船３トン以上５トン未満,0,2017/03/06,312.9,620502,11,2800,1383,1983.1,0005803,0052
閖上,アカガイ,生鮮,北洋底曳網,動力船３トン以上５トン未満,0,2017/03/06,9.2,20008,1,2209,2139,2174.8,0005804,0001
閖上,アカガイ,生鮮,小型底曳網・桁あみ,動力船３トン以上５トン未満,0,2017/03/06,130.8,289434,11,2500,1800,2212.8,0005804,0052
閖上,アカガイ,生鮮,北洋底曳網,動力船３トン以上５トン未満,0,2017/03/06,2.1,3137,1,1639,1203,1493.8,0005805,0001
閖上,アカガイ,生鮮,小型底曳網・桁あみ,動力船３トン以上５トン未満,0,2017/03/06,208.6,300596,11,1900,830,1441,0005805,0052
閖上,アカガイ,生鮮,北洋底曳網,動力船３トン以上５トン未満,0,2017/03/06,2,1660,1,830,830,830,0005806,0001
閖上,アカガイ,生鮮,小型底曳網・桁あみ,動力船３トン以上５トン未満,0,2017/03/06,38.9,32476,9,1000,800,834.9,0005806,0052
閖上,その他の巻き貝,生鮮,小型底曳網・桁あみ,動力船３トン以上５トン未満,0,2017/03/06,8.5,4390,3,520,510,516.5,0005815,0052
閖上,ホッキガイ,生鮮,小型底曳網・桁あみ,動力船３トン以上５トン未満,0,2017/03/06,98,41160,1,420,420,420,0005827,0051
閖上,ガザミ,生鮮,小型底曳網・桁あみ,動力船３トン以上５トン未満,0,2017/03/06,92.4,46130,8,700,300,499.2,0006046,0052
閖上,コチ,生鮮,小型底曳網・桁あみ,動力船３トン以上５トン未満,0,2017/03/06,4.8,677,6,160,100,141,0006088,0052
閖上,ひらめ,生鮮,北洋底曳網,動力船３トン以上５トン未満,0,2017/03/06,1,500,1,500,500,500,0006224,0001
閖上,ひらめ,生鮮,小型底曳網・桁あみ,動力船３トン以上５トン未満,0,2017/03/06,17.4,13475,4,1000,500,774.4,0006224,0052
閖上,アカガイ,生鮮,小型底曳網・桁あみ,動力船３トン以上５トン未満,0,2017/03/07,0,0,2,1238,1203,0,0005805,0052
閖上,まだら,生鮮,小型底曳網・桁あみ,動力船３トン以上５トン未満,0,2017/03/08,5.5,550,1,100,100,100,0005009,0052
閖上,マコガレイ,生鮮,小型底曳網・桁あみ,動力船３トン以上５トン未満,0,2017/03/08,55.6,11165,9,250,160,200.8,0005331,0052
閖上,アカシタビラメ,生鮮,小型底曳網・桁あみ,動力船３トン以上５トン未満,0,2017/03/08,58.7,11888,10,250,150,202.5,0005392,0052
閖上,シャコ,生鮮,小型底曳網・桁あみ,動力船３トン以上５トン未満,0,2017/03/08,0.4,320,1,800,800,800,0005701,0052
閖上,アカガイ,生鮮,小型底曳網・桁あみ,動力船３トン以上５トン未満,0,2017/03/08,190,372251,11,2721,1500,1959.2,0005803,0052
閖上,アカガイ,生鮮,小型底曳網・桁あみ,動力船３トン以上５トン未満,0,2017/03/08,70.6,157180,11,2691,2100,2226.3,0005804,0052
閖上,アカガイ,生鮮,小型底曳網・桁あみ,動力船３トン以上５トン未満,0,2017/03/08,97,137648,11,1690,1200,1419.1,0005805,0052
閖上,アカガイ,生鮮,小型底曳網・桁あみ,動力船３トン以上５トン未満,0,2017/03/08,25.2,21780,10,889,800,864.3,0005806,0052
閖上,その他の巻き貝,生鮮,小型底曳網・桁あみ,動力船３トン以上５トン未満,0,2017/03/08,2.1,1071,2,510,510,510,0005815,0052
閖上,ホッキガイ,生鮮,小型底曳網・桁あみ,動力船３トン以上５トン未満,0,2017/03/08,44,18480,1,420,420,420,0005827,0051
閖上,ガザミ,生鮮,小型底曳網・桁あみ,動力船３トン以上５トン未満,0,2017/03/08,70.9,37032,7,700,300,522.3,0006046,0052
閖上,コチ,生鮮,小型底曳網・桁あみ,動力船３トン以上５トン未満,0,2017/03/08,1.4,420,2,300,300,300,0006088,0052
閖上,ひらめ,生鮮,小型底曳網・桁あみ,動力船３トン以上５トン未満,0,2017/03/08,5,4550,3,1050,750,910,0006224,0052
閖上,まだら,生鮮,小型底曳網・桁あみ,動力船３トン以上５トン未満,0,2017/03/09,3.1,341,1,110,110,110,0005009,0052
閖上,ホシガレイ,生鮮,小型底曳網・桁あみ,動力船３トン以上５トン未満,0,2017/03/09,1.2,5160,1,4300,4300,4300,0005324,0052
閖上,マコガレイ,生鮮,小型底曳網・桁あみ,動力船３トン以上５トン未満,0,2017/03/09,75,13811,10,300,160,184.1,0005331,0052
閖上,アカシタビラメ,生鮮,小型底曳網・桁あみ,動力船３トン以上５トン未満,0,2017/03/09,37.8,8002,8,250,181,211.7,0005392,0052
閖上,シャコ,生鮮,小型底曳網・桁あみ,動力船３トン以上５トン未満,0,2017/03/09,0.2,162,1,810,810,810,0005701,0052
閖上,アカガイ,生鮮,小型底曳網・桁あみ,動力船３トン以上５トン未満,0,2017/03/09,170.7,318913,10,2899,1389,1868.3,0005803,0052
閖上,アカガイ,生鮮,小型底曳網・桁あみ,動力船３トン以上５トン未満,0,2017/03/09,45.5,108432,10,2799,2100,2383.1,0005804,0052
閖上,アカガイ,生鮮,小型底曳網・桁あみ,動力船３トン以上５トン未満,0,2017/03/09,90.4,138237,10,1869,1200,1529.2,0005805,0052
閖上,アカガイ,生鮮,小型底曳網・桁あみ,動力船３トン以上５トン未満,0,2017/03/09,17,15269,7,921,800,898.2,0005806,0052
閖上,その他の巻き貝,生鮮,小型底曳網・桁あみ,動力船３トン以上５トン未満,0,2017/03/09,9.7,3492,4,360,360,360,0005815,0052
閖上,ホッキガイ,生鮮,小型底曳網・桁あみ,動力船３トン以上５トン未満,0,2017/03/09,38,15200,1,400,400,400,0005827,0051
閖上,ガザミ,生鮮,小型底曳網・桁あみ,動力船３トン以上５トン未満,0,2017/03/09,39.6,24084,6,769,389,608.2,0006046,0052
閖上,コチ,生鮮,小型底曳網・桁あみ,動力船３トン以上５トン未満,0,2017/03/09,1.8,328,2,200,160,182.2,0006088,0052
閖上,しらうお類,生鮮,刺網全漁法,動力船３トン以上５トン未満,0,2017/03/09,11.5,37950,1,3300,3300,3300,0006141,0008
閖上,ひらめ,生鮮,小型底曳網・桁あみ,動力船３トン以上５トン未満,0,2017/03/09,9.6,6180,3,700,550,643.8,0006224,0052
閖上,マコガレイ,生鮮,小型底曳網・桁あみ,動力船３トン以上５トン未満,0,2017/03/10,22.3,3568,3,160,160,160,0005331,0052
閖上,アカシタビラメ,生鮮,小型底曳網・桁あみ,動力船３トン以上５トン未満,0,2017/03/10,20.4,3672,3,180,180,180,0005392,0052
閖上,アカガイ,生鮮,小型底曳網・桁あみ,動力船３トン以上５トン未満,0,2017/03/10,30.5,64400,4,2800,1400,2111.5,0005803,0052
閖上,アカガイ,生鮮,小型底曳網・桁あみ,動力船３トン以上５トン未満,0,2017/03/10,41.4,101280,4,2600,2200,2446.4,0005804,0052
閖上,アカガイ,生鮮,小型底曳網・桁あみ,動力船３トン以上５トン未満,0,2017/03/10,27.6,43720,4,1800,1400,1584.1,0005805,0052
閖上,アカガイ,生鮮,小型底曳網・桁あみ,動力船３トン以上５トン未満,0,2017/03/10,7.9,7110,4,900,900,900,0005806,0052
閖上,ガザミ,生鮮,小型底曳網・桁あみ,動力船３トン以上５トン未満,0,2017/03/10,2.5,1250,1,500,500,500,0006046,0052
閖上,ひらめ,生鮮,小型底曳網・桁あみ,動力船３トン以上５トン未満,0,2017/03/10,6,4800,1,800,800,800,0006224,0052
閖上,イシガレイ,生鮮,小型底曳網・桁あみ,動力船３トン以上５トン未満,0,2017/03/13,4,800,2,200,200,200,0005306,0052
閖上,マガレイ,生鮮,小型底曳網・桁あみ,動力船３トン以上５トン未満,0,2017/03/13,1.3,260,1,200,200,200,0005329,0052
閖上,マコガレイ,生鮮,小型底曳網・桁あみ,動力船３トン以上５トン未満,0,2017/03/13,145.3,27851,10,250,150,191.7,0005331,0052
閖上,アカシタビラメ,生鮮,小型底曳網・桁あみ,動力船３トン以上５トン未満,0,2017/03/13,95.5,17675,10,250,150,185.1,0005392,0052
閖上,シャコ,生鮮,小型底曳網・桁あみ,動力船３トン以上５トン未満,0,2017/03/13,0.8,666,2,840,810,832.5,0005701,0052
閖上,アカガイ,生鮮,小型底曳網・桁あみ,動力船３トン以上５トン未満,0,2017/03/13,340.3,711494,11,3089,1530,2090.8,0005803,0052
閖上,アカガイ,生鮮,小型底曳網・桁あみ,動力船３トン以上５トン未満,0,2017/03/13,81.7,209654,11,2899,2300,2566.1,0005804,0052
閖上,アカガイ,生鮮,小型底曳網・桁あみ,動力船３トン以上５トン未満,0,2017/03/13,178,297125,11,1920,1500,1669.2,0005805,0052
閖上,アカガイ,生鮮,小型底曳網・桁あみ,動力船３トン以上５トン未満,0,2017/03/13,44.9,40721,10,969,889,906.9,0005806,0052
閖上,その他の巻き貝,生鮮,小型底曳網・桁あみ,動力船３トン以上５トン未満,0,2017/03/13,2.5,750,1,300,300,300,0005815,0052
閖上,ホッキガイ,生鮮,小型底曳網・桁あみ,動力船３トン以上５トン未満,0,2017/03/13,38,15200,1,400,400,400,0005827,0051
閖上,ガザミ,生鮮,小型底曳網・桁あみ,動力船３トン以上５トン未満,0,2017/03/13,129.4,86903,7,969,300,671.6,0006046,0052
閖上,コチ,生鮮,小型底曳網・桁あみ,動力船３トン以上５トン未満,0,2017/03/13,1.5,150,2,100,100,100,0006088,0052
閖上,ひらめ,生鮮,小型底曳網・桁あみ,動力船３トン以上５トン未満,0,2017/03/13,18.4,16942,5,1200,720,920.8,0006224,0052
閖上,マコガレイ,生鮮,小型底曳網・桁あみ,動力船３トン以上５トン未満,0,2017/03/16,43,9056,7,250,150,210.6,0005331,0052
閖上,アカシタビラメ,生鮮,小型底曳網・桁あみ,動力船３トン以上５トン未満,0,2017/03/16,41.4,9225,7,300,150,222.8,0005392,0052
閖上,シャコ,生鮮,小型底曳網・桁あみ,動力船３トン以上５トン未満,0,2017/03/16,0.2,164,1,822,822,820,0005701,0052
閖上,アカガイ,生鮮,小型底曳網・桁あみ,動力船３トン以上５トン未満,0,2017/03/16,217.8,451008,11,3341,1500,2070.7,0005803,0052
閖上,アカガイ,生鮮,小型底曳網・桁あみ,動力船３トン以上５トン未満,0,2017/03/16,63.6,165939,11,2921,2300,2609.1,0005804,0052
閖上,アカガイ,生鮮,小型底曳網・桁あみ,動力船３トン以上５トン未満,0,2017/03/16,84.6,151894,11,2199,1500,1795.4,0005805,0052
閖上,アカガイ,生鮮,小型底曳網・桁あみ,動力船３トン以上５トン未満,0,2017/03/16,29.9,29526,10,1059,900,987.5,0005806,0052
閖上,その他の巻き貝,生鮮,小型底曳網・桁あみ,動力船３トン以上５トン未満,0,2017/03/16,2.4,720,3,300,300,300,0005815,0052
閖上,ガザミ,生鮮,小型底曳網・桁あみ,動力船３トン以上５トン未満,0,2017/03/16,48.2,30380,8,822,381,630.3,0006046,0052
閖上,ひらめ,生鮮,小型底曳網・桁あみ,動力船３トン以上５トン未満,0,2017/03/16,7.8,7640,3,1200,800,979.5,0006224,0052
閖上,マコガレイ,生鮮,小型底曳網・桁あみ,動力船３トン以上５トン未満,0,2017/03/17,12.4,2085,4,300,150,168.1,0005331,0052
閖上,アカシタビラメ,生鮮,小型底曳網・桁あみ,動力船３トン以上５トン未満,0,2017/03/17,39.3,7254,9,230,160,184.6,0005392,0052
閖上,シャコ,生鮮,小型底曳網・桁あみ,動力船３トン以上５トン未満,0,2017/03/17,0.3,240,1,800,800,800,0005701,0052
閖上,アカガイ,生鮮,小型底曳網・桁あみ,動力船３トン以上５トン未満,0,2017/03/17,228.6,473264,11,3301,1650,2070.3,0005803,0052
閖上,アカガイ,生鮮,小型底曳網・桁あみ,動力船３トン以上５トン未満,0,2017/03/17,57.3,151896,11,2819,2500,2650.9,0005804,0052
閖上,アカガイ,生鮮,小型底曳網・桁あみ,動力船３トン以上５トン未満,0,2017/03/17,74.8,139079,11,2201,1650,1859.3,0005805,0052
閖上,アカガイ,生鮮,小型底曳網・桁あみ,動力船３トン以上５トン未満,0,2017/03/17,29.3,30250,10,1050,1000,1032.4,0005806,0052
閖上,その他の巻き貝,生鮮,小型底曳網・桁あみ,動力船３トン以上５トン未満,0,2017/03/17,6.9,2070,4,300,300,300,0005815,0052
閖上,ホッキガイ,生鮮,小型底曳網・桁あみ,動力船３トン以上５トン未満,0,2017/03/17,28,11200,1,400,400,400,0005827,0051
閖上,ガザミ,生鮮,小型底曳網・桁あみ,動力船３トン以上５トン未満,0,2017/03/17,30.3,18492,6,801,385,610.3,0006046,0052
閖上,コチ,生鮮,小型底曳網・桁あみ,動力船３トン以上５トン未満,0,2017/03/17,0.6,60,1,100,100,100,0006088,0052
閖上,ひらめ,生鮮,小型底曳網・桁あみ,動力船３トン以上５トン未満,0,2017/03/17,4.7,5050,1,1500,700,1074.5,0006224,0052
閖上,マコガレイ,生鮮,小型底曳網・桁あみ,動力船３トン以上５トン未満,0,2017/03/21,200.1,36666,10,250,100,183.2,0005331,0052
閖上,アカシタビラメ,生鮮,小型底曳網・桁あみ,動力船３トン以上５トン未満,0,2017/03/21,101.3,20201,10,250,150,199.4,0005392,0052
閖上,シャコ,生鮮,小型底曳網・桁あみ,動力船３トン以上５トン未満,0,2017/03/21,0.6,501,1,840,832,835,0005701,0052
閖上,アカガイ,生鮮,小型底曳網・桁あみ,動力船３トン以上５トン未満,0,2017/03/21,441.9,980660,11,3650,1689,2219.2,0005803,0052
閖上,アカガイ,生鮮,小型底曳網・桁あみ,動力船３トン以上５トン未満,0,2017/03/21,114,311974,11,3101,2000,2736.6,0005804,0052
閖上,アカガイ,生鮮,小型底曳網・桁あみ,動力船３トン以上５トン未満,0,2017/03/21,133.2,253006,11,2401,1600,1899.4,0005805,0052
閖上,アカガイ,生鮮,小型底曳網・桁あみ,動力船３トン以上５トン未満,0,2017/03/21,55.1,58219,11,1103,851,1056.6,0005806,0052
閖上,その他の巻き貝,生鮮,小型底曳網・桁あみ,動力船３トン以上５トン未満,0,2017/03/21,5.8,1798,4,310,310,310,0005815,0052
閖上,ホッキガイ,生鮮,小型底曳網・桁あみ,動力船３トン以上５トン未満,0,2017/03/21,98,39200,1,400,400,400,0005827,0051
閖上,ガザミ,生鮮,小型底曳網・桁あみ,動力船３トン以上５トン未満,0,2017/03/21,107.3,49562,8,832,301,461.9,0006046,0052
閖上,コチ,生鮮,小型底曳網・桁あみ,動力船３トン以上５トン未満,0,2017/03/21,2,200,2,100,100,100,0006088,0052
閖上,ひらめ,生鮮,小型底曳網・桁あみ,動力船３トン以上５トン未満,0,2017/03/21,18.3,16847,5,1100,300,920.6,0006224,0052
閖上,ホシガレイ,生鮮,小型底曳網・桁あみ,動力船３トン以上５トン未満,0,2017/03/23,1.3,5200,1,4000,4000,4000,0005324,0052
閖上,マコガレイ,生鮮,小型底曳網・桁あみ,動力船３トン以上５トン未満,0,2017/03/23,13.6,2053,4,151,151,151,0005331,0052
閖上,アカシタビラメ,生鮮,小型底曳網・桁あみ,動力船３トン以上５トン未満,0,2017/03/23,57.1,10177,8,201,150,178.2,0005392,0052
閖上,シャコ,生鮮,小型底曳網・桁あみ,動力船３トン以上５トン未満,0,2017/03/23,0.2,160,1,801,801,800,0005701,0052
閖上,アカガイ,生鮮,小型底曳網・桁あみ,動力船３トン以上５トン未満,0,2017/03/23,116.5,290750,10,3400,1700,2495.7,0005803,0052
閖上,アカガイ,生鮮,小型底曳網・桁あみ,動力船３トン以上５トン未満,0,2017/03/23,54.9,148497,10,2899,2500,2704.9,0005804,0052
閖上,アカガイ,生鮮,小型底曳網・桁あみ,動力船３トン以上５トン未満,0,2017/03/23,83,167980,10,2639,1700,2023.9,0005805,0052
閖上,アカガイ,生鮮,小型底曳網・桁あみ,動力船３トン以上５トン未満,0,2017/03/23,14.4,14669,8,1031,1000,1018.7,0005806,0052
閖上,ガザミ,生鮮,小型底曳網・桁あみ,動力船３トン以上５トン未満,0,2017/03/23,21.7,10505,8,750,200,484.1,0006046,0052
閖上,ひらめ,生鮮,小型底曳網・桁あみ,動力船３トン以上５トン未満,0,2017/03/23,2.4,1500,2,800,200,625,0006224,0052
閖上,イシガレイ,生鮮,小型底曳網・桁あみ,動力船３トン以上５トン未満,0,2017/03/24,2.3,805,1,350,350,350,0005306,0052
閖上,ホシガレイ,生鮮,小型底曳網・桁あみ,動力船３トン以上５トン未満,0,2017/03/24,2.6,7488,1,2880,2880,2880,0005324,0052
閖上,マコガレイ,生鮮,小型底曳網・桁あみ,動力船３トン以上５トン未満,0,2017/03/24,24.4,3442,6,150,130,141.1,0005331,0052
閖上,アカシタビラメ,生鮮,小型底曳網・桁あみ,動力船３トン以上５トン未満,0,2017/03/24,53.6,12650,8,250,200,236,0005392,0052
閖上,シャコ,生鮮,小型底曳網・桁あみ,動力船３トン以上５トン未満,0,2017/03/24,0.2,168,1,840,840,840,0005701,0052
閖上,アカガイ,生鮮,小型底曳網・桁あみ,動力船３トン以上５トン未満,0,2017/03/24,66.3,190024,10,3569,1900,2866.1,0005803,0052
閖上,アカガイ,生鮮,小型底曳網・桁あみ,動力船３トン以上５トン未満,0,2017/03/24,80.2,231820,10,3169,2600,2890.5,0005804,0052
閖上,アカガイ,生鮮,小型底曳網・桁あみ,動力船３トン以上５トン未満,0,2017/03/24,88,190344,10,2681,1800,2163,0005805,0052
閖上,アカガイ,生鮮,小型底曳網・桁あみ,動力船３トン以上５トン未満,0,2017/03/24,23.3,27717,9,1299,1000,1189.6,0005806,0052
閖上,その他の巻き貝,生鮮,小型底曳網・桁あみ,動力船３トン以上５トン未満,0,2017/03/24,2.2,1237,2,569,559,562.3,0005815,0052
閖上,ホッキガイ,生鮮,小型底曳網・桁あみ,動力船３トン以上５トン未満,0,2017/03/24,51,20400,1,400,400,400,0005827,0051
閖上,ガザミ,生鮮,小型底曳網・桁あみ,動力船３トン以上５トン未満,0,2017/03/24,19.1,7855,7,500,250,411.3,0006046,0052
閖上,コチ,生鮮,小型底曳網・桁あみ,動力船３トン以上５トン未満,0,2017/03/24,0.4,40,1,100,100,100,0006088,0052
閖上,イシガレイ,生鮮,小型底曳網・桁あみ,動力船３トン以上５トン未満,0,2017/03/27,1.1,110,1,100,100,100,0005306,0052
閖上,マコガレイ,生鮮,小型底曳網・桁あみ,動力船３トン以上５トン未満,0,2017/03/27,17.6,4109,5,251,130,233.5,0005331,0052
閖上,アカシタビラメ,生鮮,小型底曳網・桁あみ,動力船３トン以上５トン未満,0,2017/03/27,71.5,18239,10,280,230,255.1,0005392,0052
閖上,アカガイ,生鮮,小型底曳網・桁あみ,動力船３トン以上５トン未満,0,2017/03/27,154.2,465127,14,3683,2373,3016.4,0005803,0052
閖上,アカガイ,生鮮,小型底曳網・桁あみ,動力船３トン以上５トン未満,0,2017/03/27,114.8,321987,14,3100,2541,2804.8,0005804,0052
閖上,アカガイ,生鮮,小型底曳網・桁あみ,動力船３トン以上５トン未満,0,2017/03/27,136.6,264895,14,2600,1583,1939.2,0005805,0052
閖上,アカガイ,生鮮,小型底曳網・桁あみ,動力船３トン以上５トン未満,0,2017/03/27,17.8,18656,11,1300,780,1048.1,0005806,0052
閖上,その他の巻き貝,生鮮,小型底曳網・桁あみ,動力船３トン以上５トン未満,0,2017/03/27,15.2,7955,4,550,500,523.4,0005815,0052
閖上,ホッキガイ,生鮮,小型底曳網・桁あみ,動力船３トン以上５トン未満,0,2017/03/27,321,115375,2,500,260,359.4,0005827,0051
閖上,ガザミ,生鮮,小型底曳網・桁あみ,動力船３トン以上５トン未満,0,2017/03/27,11.4,4626,5,490,370,405.8,0006046,0052
閖上,コチ,生鮮,小型底曳網・桁あみ,動力船３トン以上５トン未満,0,2017/03/27,1.1,220,2,200,200,200,0006088,0052
閖上,しらうお類,生鮮,刺網全漁法,動力船３トン以上５トン未満,0,2017/03/27,52,171600,1,3300,3300,3300,0006141,0008
閖上,ひらめ,生鮮,小型底曳網・桁あみ,動力船３トン以上５トン未満,0,2017/03/27,10.4,10310,4,1000,900,991.3,0006224,0052
閖上,マコガレイ,生鮮,小型底曳網・桁あみ,動力船３トン以上５トン未満,0,2017/03/29,8.8,1445,3,181,140,164.2,0005331,0052
閖上,アカシタビラメ,生鮮,小型底曳網・桁あみ,動力船３トン以上５トン未満,0,2017/03/29,36.1,6534,6,181,181,181,0005392,0052
閖上,シャコ,生鮮,小型底曳網・桁あみ,動力船３トン以上５トン未満,0,2017/03/29,0.1,56,1,560,560,560,0005701,0052
閖上,アカガイ,生鮮,小型底曳網・桁あみ,動力船３トン以上５トン未満,0,2017/03/29,44.5,136568,6,3469,2380,3068.9,0005803,0052
閖上,アカガイ,生鮮,小型底曳網・桁あみ,動力船３トン以上５トン未満,0,2017/03/29,54.8,144930,6,2851,2529,2644.7,0005804,0052
閖上,アカガイ,生鮮,小型底曳網・桁あみ,動力船３トン以上５トン未満,0,2017/03/29,85.9,159424,6,2060,1720,1855.9,0005805,0052
閖上,アカガイ,生鮮,小型底曳網・桁あみ,動力船３トン以上５トン未満,0,2017/03/29,15.1,18448,6,1269,1169,1221.7,0005806,0052
閖上,その他の巻き貝,生鮮,小型底曳網・桁あみ,動力船３トン以上５トン未満,0,2017/03/29,0.3,90,1,300,300,300,0005815,0052
閖上,ガザミ,生鮮,小型底曳網・桁あみ,動力船３トン以上５トン未満,0,2017/03/29,10.3,3708,3,360,360,360,0006046,0052
閖上,コチ,生鮮,小型底曳網・桁あみ,動力船３トン以上５トン未満,0,2017/03/29,0.4,40,1,100,100,100,0006088,0052
閖上,ひらめ,生鮮,小型底曳網・桁あみ,動力船３トン以上５トン未満,0,2017/03/29,0.6,120,1,200,200,200,0006224,0052
閖上,マコガレイ,生鮮,小型底曳網・桁あみ,動力船３トン以上５トン未満,0,2017/03/30,35.3,5444,6,180,130,154.2,0005331,0052
閖上,アカシタビラメ,生鮮,小型底曳網・桁あみ,動力船３トン以上５トン未満,0,2017/03/30,36.8,7956,7,220,180,216.2,0005392,0052
閖上,シャコ,生鮮,小型底曳網・桁あみ,動力船３トン以上５トン未満,0,2017/03/30,0.3,168,1,560,560,560,0005701,0052
閖上,アカガイ,生鮮,小型底曳網・桁あみ,動力船３トン以上５トン未満,0,2017/03/30,95.5,287077,10,3500,2400,3006,0005803,0052
閖上,アカガイ,生鮮,小型底曳網・桁あみ,動力船３トン以上５トン未満,0,2017/03/30,93.5,252609,10,3001,2500,2701.7,0005804,0052
閖上,アカガイ,生鮮,小型底曳網・桁あみ,動力船３トン以上５トン未満,0,2017/03/30,125,220406,10,2600,1221,1763.2,0005805,0052
閖上,アカガイ,生鮮,小型底曳網・桁あみ,動力船３トン以上５トン未満,0,2017/03/30,27.3,30245,9,1200,1061,1107.9,0005806,0052
閖上,その他の巻き貝,生鮮,小型底曳網・桁あみ,動力船３トン以上５トン未満,0,2017/03/30,9.1,3640,3,400,400,400,0005815,0052
閖上,ガザミ,生鮮,小型底曳網・桁あみ,動力船３トン以上５トン未満,0,2017/03/30,7.4,2764,4,400,360,373.5,0006046,0052
閖上,コチ,生鮮,小型底曳網・桁あみ,動力船３トン以上５トン未満,0,2017/03/30,1,200,1,200,200,200,0006088,0052
閖上,ひらめ,生鮮,小型底曳網・桁あみ,動力船３トン以上５トン未満,0,2017/03/30,1,800,1,800,800,800,0006224,0052
閖上,マコガレイ,生鮮,小型底曳網・桁あみ,動力船３トン以上５トン未満,0,2017/03/31,5.5,715,2,130,130,130,0005331,0052
閖上,アカシタビラメ,生鮮,小型底曳網・桁あみ,動力船３トン以上５トン未満,0,2017/03/31,20.5,4510,4,220,220,220,0005392,0052
閖上,アカガイ,生鮮,小型底曳網・桁あみ,動力船３トン以上５トン未満,0,2017/03/31,48.5,139890,4,3300,2500,2884.3,0005803,0052
閖上,アカガイ,生鮮,小型底曳網・桁あみ,動力船３トン以上５トン未満,0,2017/03/31,33.4,86780,4,3000,2400,2598.2,0005804,0052
閖上,アカガイ,生鮮,小型底曳網・桁あみ,動力船３トン以上５トン未満,0,2017/03/31,24.6,44540,4,2400,1400,1810.6,0005805,0052
閖上,アカガイ,生鮮,小型底曳網・桁あみ,動力船３トン以上５トン未満,0,2017/03/31,3.5,3500,2,1000,1000,1000,0005806,0052
閖上,その他の巻き貝,生鮮,小型底曳網・桁あみ,動力船３トン以上５トン未満,0,2017/03/31,6,2400,2,400,400,400,0005815,0052
閖上,ひらめ,生鮮,小型底曳網・桁あみ,動力船３トン以上５トン未満,0,2017/03/31,1,800,1,800,800,800,0006224,0052
閖上,まだら,生鮮,小型底曳網・桁あみ,動力船３トン以上５トン未満,0,2017/04/03,4.2,630,1,150,150,150,0005009,0052
閖上,イシガレイ,生鮮,小型底曳網・桁あみ,動力船３トン以上５トン未満,0,2017/04/03,3.6,660,2,230,100,183.3,0005306,0052
閖上,ホシガレイ,生鮮,小型底曳網・桁あみ,動力船３トン以上５トン未満,0,2017/04/03,0.7,2100,1,3000,3000,3000,0005324,0052
閖上,マコガレイ,生鮮,小型底曳網・桁あみ,動力船３トン以上５トン未満,0,2017/04/03,29.1,13252,5,1701,17,455.4,0005331,0052
閖上,アカシタビラメ,生鮮,小型底曳網・桁あみ,動力船３トン以上５トン未満,0,2017/04/03,97.2,25547,8,300,220,262.8,0005392,0052
閖上,アカガイ,生鮮,小型底曳網・桁あみ,動力船３トン以上５トン未満,0,2017/04/03,80.9,275764,10,3636,2801,3408.7,0005803,0052
閖上,アカガイ,生鮮,小型底曳網・桁あみ,動力船３トン以上５トン未満,0,2017/04/03,157.6,440398,10,3221,2200,2794.4,0005804,0052
閖上,アカガイ,生鮮,小型底曳網・桁あみ,動力船３トン以上５トン未満,0,2017/04/03,155,256133,8,2311,1121,1652.5,0005805,0052
閖上,アカガイ,生鮮,小型底曳網・桁あみ,動力船３トン以上５トン未満,0,2017/04/03,32.5,28041,7,1300,700,862.8,0005806,0052
閖上,ホッキガイ,生鮮,小型底曳網・桁あみ,動力船３トン以上５トン未満,0,2017/04/03,79,32100,1,450,400,406.3,0005827,0051
閖上,ガザミ,生鮮,小型底曳網・桁あみ,動力船３トン以上５トン未満,0,2017/04/03,5.5,1729,3,330,310,314.4,0006046,0052
閖上,こうなご,生鮮,敷網・火光利用(ランプ網),動力船３トン以上５トン未満,0,2017/04/03,204,155780,1,1300,600,763.6,0006085,0012
閖上,コチ,生鮮,小型底曳網・桁あみ,動力船３トン以上５トン未満,0,2017/04/03,0.3,15,1,50,50,50,0006088,0052
閖上,しらうお類,生鮮,刺網全漁法,動力船３トン以上５トン未満,0,2017/04/03,74,277600,1,4000,3600,3751.4,0006141,0008
閖上,ひらめ,生鮮,小型底曳網・桁あみ,動力船３トン以上５トン未満,0,2017/04/03,12.9,10126,3,1000,620,785,0006224,0052
閖上,ホシガレイ,生鮮,小型底曳網・桁あみ,動力船３トン以上５トン未満,0,2017/04/05,1.3,1170,1,900,900,900,0005324,0052
閖上,マコガレイ,生鮮,小型底曳網・桁あみ,動力船３トン以上５トン未満,0,2017/04/05,23.2,4399,6,300,170,189.6,0005331,0052
閖上,アカシタビラメ,生鮮,小型底曳網・桁あみ,動力船３トン以上５トン未満,0,2017/04/05,45.2,9259,8,220,201,204.8,0005392,0052
閖上,すずき,生鮮,小型底曳網・桁あみ,動力船３トン以上５トン未満,0,2017/04/05,5.3,530,1,100,100,100,0005401,0052
閖上,アカガイ,生鮮,小型底曳網・桁あみ,動力船３トン以上５トン未満,0,2017/04/05,79.3,267359,9,3600,3200,3371.5,0005803,0052
閖上,アカガイ,生鮮,小型底曳網・桁あみ,動力船３トン以上５トン未満,0,2017/04/05,94.4,237393,9,2891,2200,2514.8,0005804,0052
閖上,アカガイ,生鮮,小型底曳網・桁あみ,動力船３トン以上５トン未満,0,2017/04/05,65.9,84389,9,1809,851,1280.6,0005805,0052
閖上,アカガイ,生鮮,小型底曳網・桁あみ,動力船３トン以上５トン未満,0,2017/04/05,19,15200,8,800,800,800,0005806,0052
閖上,ガザミ,生鮮,小型底曳網・桁あみ,動力船３トン以上５トン未満,0,2017/04/05,9.4,2864,5,400,260,304.7,0006046,0052
閖上,コチ,生鮮,小型底曳網・桁あみ,動力船３トン以上５トン未満,0,2017/04/05,3.9,779,2,210,110,199.7,0006088,0052
閖上,しらうお類,生鮮,刺網全漁法,動力船３トン以上５トン未満,0,2017/04/05,36,136800,1,3800,3800,3800,0006141,0008
閖上,ひらめ,生鮮,小型底曳網・桁あみ,動力船３トン以上５トン未満,0,2017/04/05,11,7075,4,800,500,643.2,0006224,0052
閖上,イシガレイ,生鮮,小型底曳網・桁あみ,動力船３トン以上５トン未満,0,2017/04/06,2.6,520,1,200,200,200,0005306,0052
閖上,マコガレイ,生鮮,小型底曳網・桁あみ,動力船３トン以上５トン未満,0,2017/04/06,20.8,3954,5,200,181,190.1,0005331,0052
閖上,アカシタビラメ,生鮮,小型底曳網・桁あみ,動力船３トン以上５トン未満,0,2017/04/06,39.3,9289,9,251,200,236.4,0005392,0052
閖上,アカガイ,生鮮,小型底曳網・桁あみ,動力船３トン以上５トン未満,0,2017/04/06,120.7,387602,10,3500,2900,3211.3,0005803,0052
閖上,アカガイ,生鮮,小型底曳網・桁あみ,動力船３トン以上５トン未満,0,2017/04/06,98.2,237005,10,2901,1700,2413.5,0005804,0052
閖上,アカガイ,生鮮,小型底曳網・桁あみ,動力船３トン以上５トン未満,0,2017/04/06,55.2,83977,10,2050,1000,1521.3,0005805,0052
閖上,アカガイ,生鮮,小型底曳網・桁あみ,動力船３トン以上５トン未満,0,2017/04/06,15.1,12161,7,810,800,805.4,0005806,0052
閖上,ガザミ,生鮮,小型底曳網・桁あみ,動力船３トン以上５トン未満,0,2017/04/06,19.6,7740,5,400,300,394.9,0006046,0052
閖上,コチ,生鮮,小型底曳網・桁あみ,動力船３トン以上５トン未満,0,2017/04/06,6,1168,3,250,181,194.7,0006088,0052
閖上,マコガレイ,生鮮,小型底曳網・桁あみ,動力船３トン以上５トン未満,0,2017/04/07,12.8,2304,3,180,180,180,0005331,0052
閖上,アカシタビラメ,生鮮,小型底曳網・桁あみ,動力船３トン以上５トン未満,0,2017/04/07,8.5,2125,3,250,250,250,0005392,0052
閖上,アカガイ,生鮮,小型底曳網・桁あみ,動力船３トン以上５トン未満,0,2017/04/07,67.1,205070,4,3500,2600,3056.2,0005803,0052
閖上,アカガイ,生鮮,小型底曳網・桁あみ,動力船３トン以上５トン未満,0,2017/04/07,55.9,134060,4,2800,2000,2398.2,0005804,0052
閖上,アカガイ,生鮮,小型底曳網・桁あみ,動力船３トン以上５トン未満,0,2017/04/07,13,19420,4,2000,1300,1493.8,0005805,0052
閖上,アカガイ,生鮮,小型底曳網・桁あみ,動力船３トン以上５トン未満,0,2017/04/07,8.3,6640,3,800,800,800,0005806,0052
閖上,その他の巻き貝,生鮮,小型底曳網・桁あみ,動力船３トン以上５トン未満,0,2017/04/07,3.3,1320,1,400,400,400,0005815,0052
閖上,ガザミ,生鮮,小型底曳網・桁あみ,動力船３トン以上５トン未満,0,2017/04/07,3.7,1480,2,400,400,400,0006046,0052
閖上,しらうお類,生鮮,刺網全漁法,動力船３トン以上５トン未満,0,2017/04/07,24,108000,1,4500,4500,4500,0006141,0008
閖上,マコガレイ,生鮮,小型底曳網・桁あみ,動力船３トン以上５トン未満,0,2017/04/10,35.5,7480,6,250,151,210.7,0005331,0052
閖上,アカシタビラメ,生鮮,小型底曳網・桁あみ,動力船３トン以上５トン未満,0,2017/04/10,55.1,15798,7,300,231,286.7,0005392,0052
閖上,アカガイ,生鮮,小型底曳網・桁あみ,動力船３トン以上５トン未満,0,2017/04/10,126.1,384005,10,3461,2389,3045.2,0005803,0052
閖上,アカガイ,生鮮,小型底曳網・桁あみ,動力船３トン以上５トン未満,0,2017/04/10,131.7,332736,10,3073,1800,2526.5,0005804,0052
閖上,アカガイ,生鮮,小型底曳網・桁あみ,動力船３トン以上５トン未満,0,2017/04/10,118.6,194532,10,2341,1060,1640.2,0005805,0052
閖上,アカガイ,生鮮,小型底曳網・桁あみ,動力船３トン以上５トン未満,0,2017/04/10,38.9,34093,10,900,869,876.4,0005806,0052
閖上,ガザミ,生鮮,小型底曳網・桁あみ,動力船３トン以上５トン未満,0,2017/04/10,16.3,5670,4,400,260,347.9,0006046,0052
閖上,こうなご,生鮮,敷網・火光利用(ランプ網),動力船１０トン以上２０トン未満,0,2017/04/10,2024,1527475,3,1500,300,754.7,0006085,0012
閖上,こうなご,生鮮,敷網・火光利用(ランプ網),動力船３トン以上５トン未満,0,2017/04/10,1660,1210075,1,1500,100,729,0006085,0012
閖上,コチ,生鮮,小型底曳網・桁あみ,動力船３トン以上５トン未満,0,2017/04/10,0.4,84,1,210,210,210,0006088,0052
閖上,ひらめ,生鮮,小型底曳網・桁あみ,動力船３トン以上５トン未満,0,2017/04/10,10.8,9210,2,960,531,852.8,0006224,0052
閖上,こうなご,生鮮,敷網・火光利用(ランプ網),動力船１０トン以上２０トン未満,0,2017/04/11,0,0,5,1500,300,0,0006085,0012
閖上,マコガレイ,生鮮,小型底曳網・桁あみ,動力船３トン以上５トン未満,0,2017/04/12,9.5,1425,3,150,150,150,0005331,0052
閖上,アカシタビラメ,生鮮,小型底曳網・桁あみ,動力船３トン以上５トン未満,0,2017/04/12,11.7,2691,4,230,230,230,0005392,0052
閖上,アカガイ,生鮮,小型底曳網・桁あみ,動力船３トン以上５トン未満,0,2017/04/12,55,165640,4,3400,2800,3011.6,0005803,0052
閖上,アカガイ,生鮮,小型底曳網・桁あみ,動力船３トン以上５トン未満,0,2017/04/12,51.5,109250,4,2300,1800,2121.4,0005804,0052
閖上,アカガイ,生鮮,小型底曳網・桁あみ,動力船３トン以上５トン未満,0,2017/04/12,16.5,18150,5,1861,1100,1100,0005805,0052
閖上,アカガイ,生鮮,小型底曳網・桁あみ,動力船３トン以上５トン未満,0,2017/04/12,13.3,11970,4,900,900,900,0005806,0052
閖上,コチ,生鮮,小型底曳網・桁あみ,動力船３トン以上５トン未満,0,2017/04/12,1.8,540,2,300,300,300,0006088,0052
閖上,ひらめ,生鮮,小型底曳網・桁あみ,動力船３トン以上５トン未満,0,2017/04/12,2.5,2000,1,800,800,800,0006224,0052
閖上,イシガレイ,生鮮,小型底曳網・桁あみ,動力船３トン以上５トン未満,0,2017/04/14,2.1,210,2,100,100,100,0005306,0052
閖上,マコガレイ,生鮮,小型底曳網・桁あみ,動力船３トン以上５トン未満,0,2017/04/14,4.4,1104,3,251,251,250.9,0005331,0052
閖上,アカシタビラメ,生鮮,小型底曳網・桁あみ,動力船３トン以上５トン未満,0,2017/04/14,30.2,7164,6,255,231,237.2,0005392,0052
閖上,アカガイ,生鮮,小型底曳網・桁あみ,動力船３トン以上５トン未満,0,2017/04/14,19.7,68186,6,3641,2571,3461.2,0005803,0052
閖上,アカガイ,生鮮,小型底曳網・桁あみ,動力船３トン以上５トン未満,0,2017/04/14,60.9,161683,6,2971,2461,2654.9,0005804,0052
閖上,アカガイ,生鮮,小型底曳網・桁あみ,動力船３トン以上５トン未満,0,2017/04/14,60.6,93516,6,2301,1150,1543.2,0005805,0052
閖上,アカガイ,生鮮,小型底曳網・桁あみ,動力船３トン以上５トン未満,0,2017/04/14,17.4,16225,6,955,930,932.5,0005806,0052
閖上,ガザミ,生鮮,小型底曳網・桁あみ,動力船３トン以上５トン未満,0,2017/04/14,5.1,2601,3,510,510,510,0006046,0052
閖上,こうなご,生鮮,敷網・火光利用(ランプ網),動力船１０トン以上２０トン未満,0,2017/04/14,623,286190,1,600,300,459.4,0006085,0012
閖上,こうなご,生鮮,敷網・火光利用(ランプ網),動力船３トン以上５トン未満,0,2017/04/14,421.8,220350,1,800,150,522.4,0006085,0012
閖上,コチ,生鮮,小型底曳網・桁あみ,動力船３トン以上５トン未満,0,2017/04/14,2.3,705,2,351,10,306.5,0006088,0052
閖上,イシガレイ,生鮮,小型底曳網・桁あみ,動力船３トン以上５トン未満,0,2017/04/17,2.3,360,1,200,100,156.5,0005306,0052
閖上,マコガレイ,生鮮,小型底曳網・桁あみ,動力船３トン以上５トン未満,0,2017/04/17,8,1824,4,260,200,228,0005331,0052
閖上,アカシタビラメ,生鮮,小型底曳網・桁あみ,動力船３トン以上５トン未満,0,2017/04/17,97.9,23783,9,320,181,242.9,0005392,0052
閖上,すずき,生鮮,小型底曳網・桁あみ,動力船３トン以上５トン未満,0,2017/04/17,1.9,760,1,400,400,400,0005401,0052
閖上,アカガイ,生鮮,小型底曳網・桁あみ,動力船３トン以上５トン未満,0,2017/04/17,116.5,380065,10,3669,2800,3262.4,0005803,0052
閖上,アカガイ,生鮮,小型底曳網・桁あみ,動力船３トン以上５トン未満,0,2017/04/17,208,556706,10,3269,2000,2676.5,0005804,0052
閖上,アカガイ,生鮮,小型底曳網・桁あみ,動力船３トン以上５トン未満,0,2017/04/17,176.6,286827,10,2309,1111,1624.2,0005805,0052
閖上,アカガイ,生鮮,小型底曳網・桁あみ,動力船３トン以上５トン未満,0,2017/04/17,69.3,73408,10,1101,900,1059.3,0005806,0052
閖上,ガザミ,生鮮,小型底曳網・桁あみ,動力船３トン以上５トン未満,0,2017/04/17,10.3,4445,5,510,295,431.6,0006046,0052
閖上,こうなご,生鮮,敷網・火光利用(ランプ網),動力船１０トン以上２０トン未満,0,2017/04/17,1355.9,745350,1,700,250,549.7,0006085,0012
閖上,こうなご,生鮮,敷網・火光利用(ランプ網),動力船３トン以上５トン未満,0,2017/04/17,1234.7,772715,1,1000,250,625.8,0006085,0012
閖上,コチ,生鮮,小型底曳網・桁あみ,動力船３トン以上５トン未満,0,2017/04/17,1.5,525,1,350,350,350,0006088,0052
閖上,アカガイ,生鮮,小型底曳網・桁あみ,動力船３トン以上５トン未満,0,2017/04/18,0,0,1,1356,1356,0,0005805,0052
閖上,こうなご,生鮮,敷網・火光利用(ランプ網),動力船１０トン以上２０トン未満,0,2017/04/18,1094.5,550400,1,700,250,502.9,0006085,0012
閖上,こうなご,生鮮,敷網・火光利用(ランプ網),動力船３トン以上５トン未満,0,2017/04/18,2074,611475,1,300,150,294.8,0006085,0012
閖上,マコガレイ,生鮮,小型底曳網・桁あみ,動力船３トン以上５トン未満,0,2017/04/19,3,750,1,250,250,250,0005331,0052
閖上,アカシタビラメ,生鮮,小型底曳網・桁あみ,動力船３トン以上５トン未満,0,2017/04/19,25.5,4590,4,180,180,180,0005392,0052
閖上,アカガイ,生鮮,小型底曳網・桁あみ,動力船３トン以上５トン未満,0,2017/04/19,41.1,127110,4,3500,2900,3092.7,0005803,0052
閖上,アカガイ,生鮮,小型底曳網・桁あみ,動力船３トン以上５トン未満,0,2017/04/19,63.8,151930,4,2600,2100,2381.3,0005804,0052
閖上,アカガイ,生鮮,小型底曳網・桁あみ,動力船３トン以上５トン未満,0,2017/04/19,23.1,27720,4,1200,1200,1200,0005805,0052
閖上,アカガイ,生鮮,小型底曳網・桁あみ,動力船３トン以上５トン未満,0,2017/04/19,15.5,13250,4,1000,250,854.8,0005806,0052
閖上,ガザミ,生鮮,小型底曳網・桁あみ,動力船３トン以上５トン未満,0,2017/04/19,3.5,1050,2,300,300,300,0006046,0052
閖上,ひらめ,生鮮,小型底曳網・桁あみ,動力船３トン以上５トン未満,0,2017/04/19,1,800,1,800,800,800,0006224,0052
閖上,マコガレイ,生鮮,小型底曳網・桁あみ,動力船３トン以上５トン未満,0,2017/04/20,5.6,1015,3,181,181,181.3,0005331,0052
閖上,アカシタビラメ,生鮮,小型底曳網・桁あみ,動力船３トン以上５トン未満,0,2017/04/20,24,5544,5,231,231,231,0005392,0052
閖上,アカガイ,生鮮,小型底曳網・桁あみ,動力船３トン以上５トン未満,0,2017/04/20,13.2,46727,6,3611,3369,3539.9,0005803,0052
閖上,アカガイ,生鮮,小型底曳網・桁あみ,動力船３トン以上５トン未満,0,2017/04/20,58.7,163721,6,2989,2521,2789.1,0005804,0052
閖上,アカガイ,生鮮,小型底曳網・桁あみ,動力船３トン以上５トン未満,0,2017/04/20,51.3,85896,6,2389,1151,1674.4,0005805,0052
閖上,アカガイ,生鮮,小型底曳網・桁あみ,動力船３トン以上５トン未満,0,2017/04/20,20.2,18606,6,921,921,921.1,0005806,0052
閖上,ガザミ,生鮮,小型底曳網・桁あみ,動力船３トン以上５トン未満,0,2017/04/20,12.1,4961,5,410,410,410,0006046,0052
閖上,ひらめ,生鮮,小型底曳網・桁あみ,動力船３トン以上５トン未満,0,2017/04/20,5,2650,2,530,530,530,0006224,0052
閖上,マコガレイ,生鮮,小型底曳網・桁あみ,動力船３トン以上５トン未満,0,2017/04/21,8,1287,4,161,161,160.9,0005331,0052
閖上,アカシタビラメ,生鮮,定置網・ます網つぼ網(小型定置),動力船３トン以上５トン未満,0,2017/04/21,5.5,1265,1,230,230,230,0005392,0013
閖上,アカシタビラメ,生鮮,小型底曳網・桁あみ,動力船３トン以上５トン未満,0,2017/04/21,46.4,9012,9,230,181,194.2,0005392,0052
閖上,アカガイ,生鮮,定置網・ます網つぼ網(小型定置),動力船３トン以上５トン未満,0,2017/04/21,6.8,20680,1,3500,2900,3041.2,0005803,0013
閖上,アカガイ,生鮮,小型底曳網・桁あみ,動力船３トン以上５トン未満,0,2017/04/21,67.2,218659,9,3639,2800,3253.9,0005803,0052
閖上,アカガイ,生鮮,定置網・ます網つぼ網(小型定置),動力船３トン以上５トン未満,0,2017/04/21,9.9,22380,1,2600,2000,2260.6,0005804,0013
閖上,アカガイ,生鮮,小型底曳網・桁あみ,動力船３トン以上５トン未満,0,2017/04/21,73.6,191884,9,2899,2000,2607.1,0005804,0052
閖上,アカガイ,生鮮,定置網・ます網つぼ網(小型定置),動力船３トン以上５トン未満,0,2017/04/21,5.8,6960,1,1200,1200,1200,0005805,0013
閖上,アカガイ,生鮮,小型底曳網・桁あみ,動力船３トン以上５トン未満,0,2017/04/21,61,96172,8,2121,1151,1576.6,0005805,0052
閖上,アカガイ,生鮮,定置網・ます網つぼ網(小型定置),動力船３トン以上５トン未満,0,2017/04/21,3,2700,1,900,900,900,0005806,0013
閖上,アカガイ,生鮮,小型底曳網・桁あみ,動力船３トン以上５トン未満,0,2017/04/21,24.9,23111,9,1060,889,928.2,0005806,0052
閖上,ガザミ,生鮮,定置網・ます網つぼ網(小型定置),動力船３トン以上５トン未満,0,2017/04/21,2.5,1000,1,400,400,400,0006046,0013
閖上,ガザミ,生鮮,小型底曳網・桁あみ,動力船３トン以上５トン未満,0,2017/04/21,20.3,7361,7,400,320,362.6,0006046,0052
閖上,こうなご,生鮮,敷網・火光利用(ランプ網),動力船１０トン以上２０トン未満,0,2017/04/21,1569.4,812630,1,600,300,517.8,0006085,0012
閖上,こうなご,生鮮,敷網・火光利用(ランプ網),動力船３トン以上５トン未満,0,2017/04/21,1225.9,559205,1,600,300,456.2,0006085,0012
閖上,ひらめ,生鮮,小型底曳網・桁あみ,動力船３トン以上５トン未満,0,2017/04/21,6.8,4150,1,1000,500,610.3,0006224,0052
閖上,マガレイ,生鮮,小型底曳網・桁あみ,動力船３トン以上５トン未満,0,2017/04/24,4.5,720,1,160,160,160,0005329,0052
閖上,マコガレイ,生鮮,小型底曳網・桁あみ,動力船３トン以上５トン未満,0,2017/04/24,18,5117,5,350,160,284.3,0005331,0052
閖上,アカシタビラメ,生鮮,小型底曳網・桁あみ,動力船３トン以上５トン未満,0,2017/04/24,36.3,6594,7,185,180,181.7,0005392,0052
閖上,アカガイ,生鮮,小型底曳網・桁あみ,動力船３トン以上５トン未満,0,2017/04/24,72.6,234112,8,3611,2700,3224.7,0005803,0052
閖上,アカガイ,生鮮,小型底曳網・桁あみ,動力船３トン以上５トン未満,0,2017/04/24,57.7,142996,8,2991,2100,2478.3,0005804,0052
閖上,アカガイ,生鮮,小型底曳網・桁あみ,動力船３トン以上５トン未満,0,2017/04/24,50.9,77123,8,2131,1061,1515.2,0005805,0052
閖上,アカガイ,生鮮,小型底曳網・桁あみ,動力船３トン以上５トン未満,0,2017/04/24,13.6,13860,6,1100,900,1019.1,0005806,0052
閖上,ガザミ,生鮮,小型底曳網・桁あみ,動力船３トン以上５トン未満,0,2017/04/24,15.5,6140,6,420,350,396.1,0006046,0052
閖上,こうなご,生鮮,敷網・火光利用(ランプ網),動力船１０トン以上２０トン未満,0,2017/04/24,2160,855000,1,500,300,395.8,0006085,0012
閖上,こうなご,生鮮,敷網・火光利用(ランプ網),動力船３トン以上５トン未満,0,2017/04/24,1747.6,525050,1,500,250,300.4,0006085,0012
閖上,しらうお類,生鮮,刺網全漁法,動力船３トン以上５トン未満,0,2017/04/24,15,67500,1,4500,4500,4500,0006141,0008
閖上,ひらめ,生鮮,小型底曳網・桁あみ,動力船３トン以上５トン未満,0,2017/04/24,6.3,4067,3,750,550,645.6,0006224,0052
閖上,マコガレイ,生鮮,小型底曳網・桁あみ,動力船３トン以上５トン未満,0,2017/04/25,34.3,5543,8,175,160,161.6,0005331,0052
閖上,アカシタビラメ,生鮮,小型底曳網・桁あみ,動力船３トン以上５トン未満,0,2017/04/25,61.1,11097,11,200,180,181.6,0005392,0052
閖上,アカガイ,生鮮,小型底曳網・桁あみ,動力船３トン以上５トン未満,0,2017/04/25,125.5,376864,11,3600,2269,3002.9,0005803,0052
閖上,アカガイ,生鮮,小型底曳網・桁あみ,動力船３トン以上５トン未満,0,2017/04/25,77.8,198056,11,2900,2100,2545.7,0005804,0052
閖上,アカガイ,生鮮,小型底曳網・桁あみ,動力船３トン以上５トン未満,0,2017/04/25,70,110169,11,2200,1211,1573.8,0005805,0052
閖上,アカガイ,生鮮,小型底曳網・桁あみ,動力船３トン以上５トン未満,0,2017/04/25,20.1,20683,9,1100,1000,1029,0005806,0052
閖上,ガザミ,生鮮,小型底曳網・桁あみ,動力船３トン以上５トン未満,0,2017/04/25,19.6,8846,8,520,400,451.3,0006046,0052
閖上,こうなご,生鮮,敷網・火光利用(ランプ網),動力船１０トン以上２０トン未満,0,2017/04/25,1530,528750,1,450,150,345.6,0006085,0012
閖上,こうなご,生鮮,敷網・火光利用(ランプ網),動力船３トン以上５トン未満,0,2017/04/25,922.5,327375,1,450,200,354.9,0006085,0012
閖上,しらうお類,生鮮,刺網全漁法,動力船３トン以上５トン未満,0,2017/04/25,4,20000,1,5000,5000,5000,0006141,0008
閖上,こうなご,生鮮,敷網・火光利用(ランプ網),動力船１０トン以上２０トン未満,0,2017/04/26,765,382500,1,500,500,500,0006085,0012
閖上,こうなご,生鮮,敷網・火光利用(ランプ網),動力船３トン以上５トン未満,0,2017/04/26,1800,761625,1,500,150,423.1,0006085,0012
閖上,マコガレイ,生鮮,小型底曳網・桁あみ,動力船３トン以上５トン未満,0,2017/04/27,21.1,3397,5,161,161,161,0005331,0052
閖上,アカシタビラメ,生鮮,小型底曳網・桁あみ,動力船３トン以上５トン未満,0,2017/04/27,18.7,5610,6,300,300,300,0005392,0052
閖上,シャコ,生鮮,小型底曳網・桁あみ,動力船３トン以上５トン未満,0,2017/04/27,0.1,51,1,510,510,510,0005701,0052
閖上,アカガイ,生鮮,小型底曳網・桁あみ,動力船３トン以上５トン未満,0,2017/04/27,76.1,223518,6,3621,2309,2937.2,0005803,0052
閖上,アカガイ,生鮮,小型底曳網・桁あみ,動力船３トン以上５トン未満,0,2017/04/27,24.3,66197,6,2921,2541,2724.2,0005804,0052
閖上,アカガイ,生鮮,小型底曳網・桁あみ,動力船３トン以上５トン未満,0,2017/04/27,53.8,91403,6,2800,1229,1698.9,0005805,0052
閖上,アカガイ,生鮮,小型底曳網・桁あみ,動力船３トン以上５トン未満,0,2017/04/27,15,16500,6,1100,1100,1100,0005806,0052
閖上,ガザミ,生鮮,小型底曳網・桁あみ,動力船３トン以上５トン未満,0,2017/04/27,23.7,9031,5,381,381,381.1,0006046,0052
閖上,こうなご,生鮮,敷網・火光利用(ランプ網),動力船１０トン以上２０トン未満,0,2017/04/27,1552.5,543375,1,350,350,350,0006085,0012
閖上,こうなご,生鮮,敷網・火光利用(ランプ網),動力船３トン以上５トン未満,0,2017/04/27,855,299250,1,350,350,350,0006085,0012
閖上,ひらめ,生鮮,小型底曳網・桁あみ,動力船３トン以上５トン未満,0,2017/04/27,1.7,680,1,400,400,400,0006224,0052
閖上,マコガレイ,生鮮,小型底曳網・桁あみ,動力船３トン以上５トン未満,0,2017/04/28,7.3,1168,2,160,160,160,0005331,0052
閖上,アカシタビラメ,生鮮,小型底曳網・桁あみ,動力船３トン以上５トン未満,0,2017/04/28,11.2,3360,3,300,300,300,0005392,0052
閖上,アカガイ,生鮮,小型底曳網・桁あみ,動力船３トン以上５トン未満,0,2017/04/28,29.5,90100,3,3600,2900,3054.2,0005803,0052
閖上,アカガイ,生鮮,小型底曳網・桁あみ,動力船３トン以上５トン未満,0,2017/04/28,31.8,75900,3,2600,2000,2386.8,0005804,0052
閖上,アカガイ,生鮮,小型底曳網・桁あみ,動力船３トン以上５トン未満,0,2017/04/28,14.7,17640,3,1200,1200,1200,0005805,0052
閖上,アカガイ,生鮮,小型底曳網・桁あみ,動力船３トン以上５トン未満,0,2017/04/28,8,8800,3,1100,1100,1100,0005806,0052
閖上,ガザミ,生鮮,小型底曳網・桁あみ,動力船３トン以上５トン未満,0,2017/04/28,3.2,1280,2,400,400,400,0006046,0052
閖上,こうなご,生鮮,敷網・火光利用(ランプ網),動力船１０トン以上２０トン未満,0,2017/04/28,2112,696960,1,330,330,330,0006085,0012
閖上,こうなご,生鮮,敷網・火光利用(ランプ網),動力船３トン以上５トン未満,0,2017/04/28,2208,728640,1,330,330,330,0006085,0012
閖上,ひらめ,生鮮,小型底曳網・桁あみ,動力船３トン以上５トン未満,0,2017/04/28,3,2400,1,800,800,800,0006224,0052
閖上,マコガレイ,生鮮,小型底曳網・桁あみ,動力船３トン以上５トン未満,0,2017/05/01,30.2,10058,8,500,150,333,0005331,0052
閖上,アカシタビラメ,生鮮,小型底曳網・桁あみ,動力船３トン以上５トン未満,0,2017/05/01,58.5,11197,11,300,150,191.4,0005392,0052
閖上,アカガイ,生鮮,小型底曳網・桁あみ,動力船３トン以上５トン未満,0,2017/05/01,139.5,447566,11,3731,2401,3208.4,0005803,0052
閖上,アカガイ,生鮮,小型底曳網・桁あみ,動力船３トン以上５トン未満,0,2017/05/01,109.9,306377,11,3121,2300,2787.8,0005804,0052
閖上,アカガイ,生鮮,小型底曳網・桁あみ,動力船３トン以上５トン未満,0,2017/05/01,105.3,173169,11,2369,1100,1644.5,0005805,0052
閖上,アカガイ,生鮮,小型底曳網・桁あみ,動力船３トン以上５トン未満,0,2017/05/01,28.8,30134,9,1130,810,1046.3,0005806,0052
閖上,その他の巻き貝,生鮮,小型底曳網・桁あみ,動力船３トン以上５トン未満,0,2017/05/01,0.8,520,1,650,650,650,0005815,0052
閖上,ガザミ,生鮮,小型底曳網・桁あみ,動力船３トン以上５トン未満,0,2017/05/01,25.5,10299,6,500,360,403.9,0006046,0052
閖上,ひらめ,生鮮,小型底曳網・桁あみ,動力船３トン以上５トン未満,0,2017/05/01,6.5,5520,1,900,800,849.2,0006224,0052
閖上,マコガレイ,生鮮,小型底曳網・桁あみ,動力船３トン以上５トン未満,0,2017/05/02,1.5,300,1,200,200,200,0005331,0052
閖上,アカシタビラメ,生鮮,小型底曳網・桁あみ,動力船３トン以上５トン未満,0,2017/05/02,6.1,915,2,150,150,150,0005392,0052
閖上,アカガイ,生鮮,小型底曳網・桁あみ,動力船３トン以上５トン未満,0,2017/05/02,29.1,98570,4,3700,2400,3387.3,0005803,0052
閖上,アカガイ,生鮮,小型底曳網・桁あみ,動力船３トン以上５トン未満,0,2017/05/02,62.3,174660,4,3000,2600,2803.5,0005804,0052
閖上,アカガイ,生鮮,小型底曳網・桁あみ,動力船３トン以上５トン未満,0,2017/05/02,33.1,60220,4,2200,1300,1819.3,0005805,0052
閖上,アカガイ,生鮮,小型底曳網・桁あみ,動力船３トン以上５トン未満,0,2017/05/02,8.3,9130,3,1100,1100,1100,0005806,0052
閖上,その他の巻き貝,生鮮,小型底曳網・桁あみ,動力船３トン以上５トン未満,0,2017/05/02,2.3,1380,1,600,600,600,0005815,0052
閖上,ガザミ,生鮮,小型底曳網・桁あみ,動力船３トン以上５トン未満,0,2017/05/02,5,2000,2,400,400,400,0006046,0052
閖上,こうなご,生鮮,敷網・火光利用(ランプ網),動力船１０トン以上２０トン未満,0,2017/05/02,787.5,354375,1,450,450,450,0006085,0012
閖上,こうなご,生鮮,敷網・火光利用(ランプ網),動力船３トン以上５トン未満,0,2017/05/02,2160,918000,1,450,350,425,0006085,0012
閖上,ひらめ,生鮮,小型底曳網・桁あみ,動力船３トン以上５トン未満,0,2017/05/02,1.7,1360,1,800,800,800,0006224,0052
閖上,マコガレイ,生鮮,小型底曳網・桁あみ,動力船３トン以上５トン未満,0,2017/05/08,55,11306,9,260,200,205.6,0005331,0052
閖上,アカシタビラメ,生鮮,小型底曳網・桁あみ,動力船３トン以上５トン未満,0,2017/05/08,43.1,11874,8,300,231,275.5,0005392,0052
閖上,アカガイ,生鮮,小型底曳網・桁あみ,動力船３トン以上５トン未満,0,2017/05/08,137.6,483178,10,3860,2569,3511.5,0005803,0052
閖上,アカガイ,生鮮,小型底曳網・桁あみ,動力船３トン以上５トン未満,0,2017/05/08,127.1,367977,10,3291,2200,2895.2,0005804,0052
閖上,アカガイ,生鮮,小型底曳網・桁あみ,動力船３トン以上５トン未満,0,2017/05/08,108.4,171771,10,2400,1239,1584.6,0005805,0052
閖上,アカガイ,生鮮,小型底曳網・桁あみ,動力船３トン以上５トン未満,0,2017/05/08,52.2,52993,9,1289,750,1015.2,0005806,0052
閖上,コタマガイ,生鮮,小型底曳網・桁あみ,動力船３トン以上５トン未満,0,2017/05/08,75,30800,2,420,400,410.7,0005832,0051
閖上,ガザミ,生鮮,小型底曳網・桁あみ,動力船３トン以上５トン未満,0,2017/05/08,17.6,9342,5,600,250,530.8,0006046,0052
閖上,ひらめ,生鮮,小型底曳網・桁あみ,動力船３トン以上５トン未満,0,2017/05/08,8,7300,2,1000,800,912.5,0006224,0052
閖上,マコガレイ,生鮮,小型底曳網・桁あみ,動力船３トン以上５トン未満,0,2017/05/09,9.6,1920,4,200,200,200,0005331,0052
閖上,アカシタビラメ,生鮮,小型底曳網・桁あみ,動力船３トン以上５トン未満,0,2017/05/09,15.5,3565,4,230,230,230,0005392,0052
閖上,アカガイ,生鮮,小型底曳網・桁あみ,動力船３トン以上５トン未満,0,2017/05/09,72.8,231600,5,3500,2500,3181.3,0005803,0052
閖上,アカガイ,生鮮,小型底曳網・桁あみ,動力船３トン以上５トン未満,0,2017/05/09,56.5,149090,5,3000,2300,2638.8,0005804,0052
閖上,アカガイ,生鮮,小型底曳網・桁あみ,動力船３トン以上５トン未満,0,2017/05/09,28.7,45610,5,2300,1300,1589.2,0005805,0052
閖上,アカガイ,生鮮,小型底曳網・桁あみ,動力船３トン以上５トン未満,0,2017/05/09,9,7200,3,800,800,800,0005806,0052
閖上,ガザミ,生鮮,小型底曳網・桁あみ,動力船３トン以上５トン未満,0,2017/05/09,8.1,4860,3,600,600,600,0006046,0052
閖上,こうなご,生鮮,敷網・火光利用(ランプ網),動力船１０トン以上２０トン未満,0,2017/05/09,123.1,43085,1,350,350,350,0006085,0012
閖上,こうなご,生鮮,敷網・火光利用(ランプ網),動力船３トン以上５トン未満,0,2017/05/09,1563.8,546570,2,1100,280,349.5,0006085,0012
閖上,ひらめ,生鮮,小型底曳網・桁あみ,動力船３トン以上５トン未満,0,2017/05/09,8,5950,3,800,700,743.8,0006224,0052
閖上,マコガレイ,生鮮,小型底曳網・桁あみ,動力船３トン以上５トン未満,0,2017/05/10,17.7,3717,4,210,210,210,0005331,0052
閖上,アカシタビラメ,生鮮,小型底曳網・桁あみ,動力船３トン以上５トン未満,0,2017/05/10,28.2,5668,6,201,201,201,0005392,0052
閖上,シャコ,生鮮,小型底曳網・桁あみ,動力船３トン以上５トン未満,0,2017/05/10,0.2,40,1,200,200,200,0005701,0052
閖上,アカガイ,生鮮,小型底曳網・桁あみ,動力船３トン以上５トン未満,0,2017/05/10,40.8,145149,6,3789,2849,3557.6,0005803,0052
閖上,アカガイ,生鮮,小型底曳網・桁あみ,動力船３トン以上５トン未満,0,2017/05/10,48.4,142135,6,3099,2839,2936.7,0005804,0052
閖上,アカガイ,生鮮,小型底曳網・桁あみ,動力船３トン以上５トン未満,0,2017/05/10,61.6,94752,6,2361,1269,1538.2,0005805,0052
閖上,アカガイ,生鮮,小型底曳網・桁あみ,動力船３トン以上５トン未満,0,2017/05/10,16.7,13380,5,900,500,801.2,0005806,0052
閖上,コタマガイ,生鮮,小型底曳網・桁あみ,動力船３トン以上５トン未満,0,2017/05/10,48.8,18642,1,382,382,382,0005832,0051
閖上,ガザミ,生鮮,小型底曳網・桁あみ,動力船３トン以上５トン未満,0,2017/05/10,12.5,4378,5,380,200,350.2,0006046,0052
閖上,こうなご,生鮮,敷網・火光利用(ランプ網),動力船１０トン以上２０トン未満,0,2017/05/10,328.2,280840,1,1100,700,855.7,0006085,0012
閖上,コチ,生鮮,小型底曳網・桁あみ,動力船３トン以上５トン未満,0,2017/05/10,2.3,362,3,160,140,157.4,0006088,0052
閖上,ひらめ,生鮮,小型底曳網・桁あみ,動力船３トン以上５トン未満,0,2017/05/10,2.7,1080,1,400,400,400,0006224,0052
閖上,マコガレイ,生鮮,小型底曳網・桁あみ,動力船３トン以上５トン未満,0,2017/05/11,14.5,2900,4,200,200,200,0005331,0052
閖上,アカシタビラメ,生鮮,小型底曳網・桁あみ,動力船３トン以上５トン未満,0,2017/05/11,12.5,2500,3,200,200,200,0005392,0052
閖上,アカガイ,生鮮,小型底曳網・桁あみ,動力船３トン以上５トン未満,0,2017/05/11,63.2,204720,4,3600,3000,3239.2,0005803,0052
閖上,アカガイ,生鮮,小型底曳網・桁あみ,動力船３トン以上５トン未満,0,2017/05/11,48.1,124980,4,2800,2300,2598.3,0005804,0052
閖上,アカガイ,生鮮,小型底曳網・桁あみ,動力船３トン以上５トン未満,0,2017/05/11,13.2,17160,4,1300,1300,1300,0005805,0052
閖上,アカガイ,生鮮,小型底曳網・桁あみ,動力船３トン以上５トン未満,0,2017/05/11,13,10400,4,800,800,800,0005806,0052
閖上,ガザミ,生鮮,小型底曳網・桁あみ,動力船３トン以上５トン未満,0,2017/05/11,6.5,2600,2,400,400,400,0006046,0052
閖上,こうなご,生鮮,敷網・火光利用(ランプ網),動力船１０トン以上２０トン未満,0,2017/05/11,250.9,86565,1,400,300,345,0006085,0012
閖上,こうなご,生鮮,敷網・火光利用(ランプ網),動力船３トン以上５トン未満,0,2017/05/11,857.5,300125,1,350,350,350,0006085,0012
閖上,ひらめ,生鮮,小型底曳網・桁あみ,動力船３トン以上５トン未満,0,2017/05/11,7.5,5250,1,700,700,700,0006224,0052
閖上,マコガレイ,生鮮,小型底曳網・桁あみ,動力船３トン以上５トン未満,0,2017/05/12,13.2,2838,4,215,215,215,0005331,0052
閖上,アカシタビラメ,生鮮,小型底曳網・桁あみ,動力船３トン以上５トン未満,0,2017/05/12,17.5,4875,5,300,250,278.6,0005392,0052
閖上,アカガイ,生鮮,小型底曳網・桁あみ,動力船３トン以上５トン未満,0,2017/05/12,40.4,146212,6,3811,3010,3619.1,0005803,0052
閖上,アカガイ,生鮮,小型底曳網・桁あみ,動力船３トン以上５トン未満,0,2017/05/12,41.6,125524,6,3281,2769,3017.4,0005804,0052
閖上,アカガイ,生鮮,小型底曳網・桁あみ,動力船３トン以上５トン未満,0,2017/05/12,59.1,100040,6,2401,1350,1692.7,0005805,0052
閖上,アカガイ,生鮮,小型底曳網・桁あみ,動力船３トン以上５トン未満,0,2017/05/12,20.3,20400,5,1160,800,1004.9,0005806,0052
閖上,ガザミ,生鮮,小型底曳網・桁あみ,動力船３トン以上５トン未満,0,2017/05/12,14,4491,5,330,300,320.8,0006046,0052
閖上,コチ,生鮮,小型底曳網・桁あみ,動力船３トン以上５トン未満,0,2017/05/12,0.7,70,1,100,100,100,0006088,0052
閖上,ひらめ,生鮮,小型底曳網・桁あみ,動力船３トン以上５トン未満,0,2017/05/12,1.9,969,1,510,510,510,0006224,0052
閖上,こうなご,生鮮,敷網・火光利用(ランプ網),動力船１０トン以上２０トン未満,0,2017/05/15,2300,529000,1,230,230,230,0006085,0012
閖上,こうなご,生鮮,敷網・火光利用(ランプ網),動力船３トン以上５トン未満,0,2017/05/15,2060,515000,1,250,250,250,0006085,0012
閖上,マコガレイ,生鮮,小型底曳網・桁あみ,動力船３トン以上５トン未満,0,2017/05/16,11.6,1964,5,220,100,169.3,0005331,0052
閖上,アカシタビラメ,生鮮,小型底曳網・桁あみ,動力船３トン以上５トン未満,0,2017/05/16,30.8,6140,9,250,170,199.4,0005392,0052
閖上,アカガイ,生鮮,小型底曳網・桁あみ,動力船３トン以上５トン未満,0,2017/05/16,84.9,295748,10,3821,3000,3483.5,0005803,0052
閖上,アカガイ,生鮮,小型底曳網・桁あみ,動力船３トン以上５トン未満,0,2017/05/16,56.6,158407,10,3099,2400,2798.7,0005804,0052
閖上,アカガイ,生鮮,小型底曳網・桁あみ,動力船３トン以上５トン未満,0,2017/05/16,47,72012,10,2351,1269,1532.2,0005805,0052
閖上,アカガイ,生鮮,小型底曳網・桁あみ,動力船３トン以上５トン未満,0,2017/05/16,15.6,16537,7,1100,900,1060.1,0005806,0052
閖上,ガザミ,生鮮,小型底曳網・桁あみ,動力船３トン以上５トン未満,0,2017/05/16,25.8,9380,6,401,330,363.6,0006046,0052
閖上,コチ,生鮮,小型底曳網・桁あみ,動力船３トン以上５トン未満,0,2017/05/16,4,800,1,200,200,200,0006088,0052
閖上,ひらめ,生鮮,小型底曳網・桁あみ,動力船３トン以上５トン未満,0,2017/05/16,2.5,1750,1,700,700,700,0006224,0052
閖上,マコガレイ,生鮮,小型底曳網・桁あみ,動力船３トン以上５トン未満,0,2017/05/17,4.8,865,5,201,100,180.2,0005331,0052
閖上,アカシタビラメ,生鮮,小型底曳網・桁あみ,動力船３トン以上５トン未満,0,2017/05/17,33.5,5695,10,170,170,170,0005392,0052
閖上,アカガイ,生鮮,小型底曳網・桁あみ,動力船３トン以上５トン未満,0,2017/05/17,68.3,194162,10,3169,2300,2842.8,0005804,0052
閖上,アカガイ,生鮮,小型底曳網・桁あみ,動力船３トン以上５トン未満,0,2017/05/17,63.2,90353,9,2389,1201,1429.6,0005805,0052
閖上,アカガイ,生鮮,小型底曳網・桁あみ,動力船３トン以上５トン未満,0,2017/05/17,28.5,31374,9,1101,1100,1100.8,0005806,0052
閖上,コタマガイ,生鮮,小型底曳網・桁あみ,動力船３トン以上５トン未満,0,2017/05/17,59,21299,1,361,361,361,0005832,0051
閖上,ガザミ,生鮮,小型底曳網・桁あみ,動力船３トン以上５トン未満,0,2017/05/17,16.4,7437,7,501,400,453.5,0006046,0052
閖上,こうなご,生鮮,敷網・火光利用(ランプ網),動力船１０トン以上２０トン未満,0,2017/05/17,1316,302680,1,230,230,230,0006085,0012
閖上,こうなご,生鮮,敷網・火光利用(ランプ網),動力船３トン以上５トン未満,0,2017/05/17,1316,302680,1,230,230,230,0006085,0012
閖上,ひらめ,生鮮,小型底曳網・桁あみ,動力船３トン以上５トン未満,0,2017/05/17,4.9,2930,2,700,500,598,0006224,0052
閖上,マコガレイ,生鮮,小型底曳網・桁あみ,動力船３トン以上５トン未満,0,2017/05/18,11.2,2338,4,216,200,208.8,0005331,0052
閖上,メイタガレイ,生鮮,小型底曳網・桁あみ,動力船３トン以上５トン未満,0,2017/05/18,0.6,120,1,200,200,200,0005359,0052
閖上,アカシタビラメ,生鮮,小型底曳網・桁あみ,動力船３トン以上５トン未満,0,2017/05/18,31,5596,9,200,170,180.5,0005392,0052
閖上,アカガイ,生鮮,小型底曳網・桁あみ,動力船３トン以上５トン未満,0,2017/05/18,76.5,271315,10,3800,3100,3546.6,0005803,0052
閖上,アカガイ,生鮮,小型底曳網・桁あみ,動力船３トン以上５トン未満,0,2017/05/18,95.1,265503,10,3141,2300,2791.8,0005804,0052
閖上,アカガイ,生鮮,小型底曳網・桁あみ,動力船３トン以上５トン未満,0,2017/05/18,85.7,112600,10,2369,1010,1313.9,0005805,0052
閖上,アカガイ,生鮮,小型底曳網・桁あみ,動力船３トン以上５トン未満,0,2017/05/18,40.8,40690,10,1100,900,997.3,0005806,0052
閖上,コタマガイ,生鮮,小型底曳網・桁あみ,動力船３トン以上５トン未満,0,2017/05/18,126,45612,2,362,362,362,0005832,0051
閖上,ガザミ,生鮮,小型底曳網・桁あみ,動力船３トン以上５トン未満,0,2017/05/18,15.5,7675,6,550,450,495.2,0006046,0052
閖上,こうなご,生鮮,敷網・火光利用(ランプ網),動力船１０トン以上２０トン未満,0,2017/05/18,427.5,94050,1,220,220,220,0006085,0012
閖上,こうなご,生鮮,敷網・火光利用(ランプ網),動力船３トン以上５トン未満,0,2017/05/18,978.5,220110,2,230,220,224.9,0006085,0012
閖上,コチ,生鮮,小型底曳網・桁あみ,動力船３トン以上５トン未満,0,2017/05/18,3.4,676,2,216,100,198.8,0006088,0052
閖上,ひらめ,生鮮,小型底曳網・桁あみ,動力船３トン以上５トン未満,0,2017/05/18,17,7862,6,700,320,462.5,0006224,0052
閖上,トラフグ,生鮮,小型底曳網・桁あみ,動力船３トン以上５トン未満,0,2017/05/18,1,2000,1,2000,2000,2000,0006233,0052
閖上,マコガレイ,生鮮,小型底曳網・桁あみ,動力船３トン以上５トン未満,0,2017/05/19,5.6,1120,1,200,200,200,0005331,0052
閖上,アカガイ,生鮮,小型底曳網・桁あみ,動力船３トン以上５トン未満,0,2017/05/19,25.5,90040,3,3800,3100,3531,0005803,0052
閖上,アカガイ,生鮮,小型底曳網・桁あみ,動力船３トン以上５トン未満,0,2017/05/19,30.7,91360,3,3100,2800,2975.9,0005804,0052
閖上,アカガイ,生鮮,小型底曳網・桁あみ,動力船３トン以上５トン未満,0,2017/05/19,25.3,45350,3,2300,1100,1792.5,0005805,0052
閖上,アカガイ,生鮮,小型底曳網・桁あみ,動力船３トン以上５トン未満,0,2017/05/19,5.4,5400,3,1000,1000,1000,0005806,0052
閖上,コタマガイ,生鮮,小型底曳網・桁あみ,動力船３トン以上５トン未満,0,2017/05/19,141,39621,2,281,281,281,0005832,0051
閖上,ガザミ,生鮮,小型底曳網・桁あみ,動力船３トン以上５トン未満,0,2017/05/19,11.1,5550,3,500,500,500,0006046,0052
閖上,ひらめ,生鮮,小型底曳網・桁あみ,動力船３トン以上５トン未満,0,2017/05/19,8,4800,2,600,600,600,0006224,0052
閖上,ホシガレイ,生鮮,小型底曳網・桁あみ,動力船３トン以上５トン未満,0,2017/05/22,1.2,1560,1,1300,1300,1300,0005324,0052
閖上,マコガレイ,生鮮,小型底曳網・桁あみ,動力船３トン以上５トン未満,0,2017/05/22,14.9,2865,9,210,180,192.3,0005331,0052
閖上,メイタガレイ,生鮮,小型底曳網・桁あみ,動力船３トン以上５トン未満,0,2017/05/22,0.7,280,1,400,400,400,0005359,0052
閖上,アカシタビラメ,生鮮,小型底曳網・桁あみ,動力船３トン以上５トン未満,0,2017/05/22,44.8,11200,12,250,250,250,0005392,0052
閖上,アカガイ,生鮮,小型底曳網・桁あみ,動力船３トン以上５トン未満,0,2017/05/22,113.6,368387,16,3671,2510,3242.8,0005803,0052
閖上,アカガイ,生鮮,小型底曳網・桁あみ,動力船３トン以上５トン未満,0,2017/05/22,150,395339,16,3355,2000,2635.6,0005804,0052
閖上,アカガイ,生鮮,小型底曳網・桁あみ,動力船３トン以上５トン未満,0,2017/05/22,97.9,136636,16,2500,850,1395.7,0005805,0052
閖上,アカガイ,生鮮,小型底曳網・桁あみ,動力船３トン以上５トン未満,0,2017/05/22,56,39748,13,760,700,709.8,0005806,0052
閖上,コタマガイ,生鮮,小型底曳網・桁あみ,動力船３トン以上５トン未満,0,2017/05/22,242,65752,4,323,230,271.7,0005832,0051
閖上,ガザミ,生鮮,小型底曳網・桁あみ,動力船３トン以上５トン未満,0,2017/05/22,43.2,18279,11,451,300,423.1,0006046,0052
閖上,こうなご,生鮮,敷網・火光利用(ランプ網),動力船１０トン以上２０トン未満,0,2017/05/22,97.5,19500,1,200,200,200,0006085,0012
閖上,こうなご,生鮮,敷網・火光利用(ランプ網),動力船３トン以上５トン未満,0,2017/05/22,184,36800,1,200,200,200,0006085,0012
閖上,ひらめ,生鮮,小型底曳網・桁あみ,動力船３トン以上５トン未満,0,2017/05/22,32.9,15185,9,600,350,461.6,0006224,0052
閖上,ホシガレイ,生鮮,小型底曳網・桁あみ,動力船３トン以上５トン未満,0,2017/05/24,0.8,1040,1,1300,1300,1300,0005324,0052
閖上,マコガレイ,生鮮,小型底曳網・桁あみ,動力船３トン以上５トン未満,0,2017/05/24,6.1,1148,4,200,180,188.2,0005331,0052
閖上,アカシタビラメ,生鮮,小型底曳網・桁あみ,動力船３トン以上５トン未満,0,2017/05/24,27.3,6825,8,250,250,250,0005392,0052
閖上,シャコ,生鮮,小型底曳網・桁あみ,動力船３トン以上５トン未満,0,2017/05/24,0.1,30,1,300,300,300,0005701,0052
閖上,アカガイ,生鮮,小型底曳網・桁あみ,動力船３トン以上５トン未満,0,2017/05/24,91,272734,11,3499,2300,2997.1,0005803,0052
閖上,アカガイ,生鮮,小型底曳網・桁あみ,動力船３トン以上５トン未満,0,2017/05/24,127.8,294614,11,2650,2050,2305.3,0005804,0052
閖上,アカガイ,生鮮,小型底曳網・桁あみ,動力船３トン以上５トン未満,0,2017/05/24,48.8,64779,10,2010,1000,1327.4,0005805,0052
閖上,アカガイ,生鮮,小型底曳網・桁あみ,動力船３トン以上５トン未満,0,2017/05/24,41.6,30000,10,750,700,721.2,0005806,0052
閖上,その他の巻き貝,生鮮,小型底曳網・桁あみ,動力船３トン以上５トン未満,0,2017/05/24,0.5,150,1,300,300,300,0005815,0052
閖上,ガザミ,生鮮,小型底曳網・桁あみ,動力船３トン以上５トン未満,0,2017/05/24,41.5,18407,9,461,300,443.5,0006046,0052
閖上,ひらめ,生鮮,小型底曳網・桁あみ,動力船３トン以上５トン未満,0,2017/05/24,24.2,12940,4,600,300,534.7,0006224,0052
閖上,マコガレイ,生鮮,小型底曳網・桁あみ,動力船３トン以上５トン未満,0,2017/05/26,13.9,2190,7,180,150,157.6,0005331,0052
閖上,アカシタビラメ,生鮮,小型底曳網・桁あみ,動力船３トン以上５トン未満,0,2017/05/26,29.1,5465,10,250,150,187.8,0005392,0052
閖上,アカガイ,生鮮,小型底曳網・桁あみ,動力船３トン以上５トン未満,0,2017/05/26,110.3,316759,11,3400,2300,2871.8,0005803,0052
閖上,アカガイ,生鮮,小型底曳網・桁あみ,動力船３トン以上５トン未満,0,2017/05/26,111.8,228592,11,2189,1800,2044.7,0005804,0052
閖上,アカガイ,生鮮,小型底曳網・桁あみ,動力船３トン以上５トン未満,0,2017/05/26,75.7,79625,10,1689,839,1051.8,0005805,0052
閖上,アカガイ,生鮮,小型底曳網・桁あみ,動力船３トン以上５トン未満,0,2017/05/26,55.3,42545,12,1100,700,769.3,0005806,0052
閖上,コタマガイ,生鮮,小型底曳網・桁あみ,動力船３トン以上５トン未満,0,2017/05/26,56,13440,1,240,240,240,0005832,0051
閖上,ガザミ,生鮮,小型底曳網・桁あみ,動力船３トン以上５トン未満,0,2017/05/26,32.7,13308,9,450,250,407,0006046,0052
閖上,ひらめ,生鮮,小型底曳網・桁あみ,動力船３トン以上５トン未満,0,2017/05/26,27.4,6023,4,235,200,219.8,0006224,0052
閖上,マコガレイ,生鮮,小型底曳網・桁あみ,動力船３トン以上５トン未満,0,2017/05/29,15.3,2667,8,210,150,174.3,0005331,0052
閖上,アカシタビラメ,生鮮,小型底曳網・桁あみ,動力船３トン以上５トン未満,0,2017/05/29,54.1,11166,18,250,150,206.4,0005392,0052
閖上,アカガイ,生鮮,小型底曳網・桁あみ,動力船３トン以上５トン未満,0,2017/05/29,174.3,515212,19,31110,2200,2955.9,0005803,0052
閖上,アカガイ,生鮮,小型底曳網・桁あみ,動力船３トン以上５トン未満,0,2017/05/29,284.1,594351,19,2550,1600,2092,0005804,0052
閖上,アカガイ,生鮮,小型底曳網・桁あみ,動力船３トン以上５トン未満,0,2017/05/29,91,119768,19,1880,900,1316.1,0005805,0052
閖上,アカガイ,生鮮,小型底曳網・桁あみ,動力船３トン以上５トン未満,0,2017/05/29,98,74190,18,912,700,757,0005806,0052
閖上,その他の巻き貝,生鮮,小型底曳網・桁あみ,動力船３トン以上５トン未満,0,2017/05/29,1.7,595,2,350,350,350,0005815,0052
閖上,コタマガイ,生鮮,小型底曳網・桁あみ,動力船３トン以上５トン未満,0,2017/05/29,151,35701,4,253,226,236.4,0005832,0051
閖上,ガザミ,生鮮,小型底曳網・桁あみ,動力船３トン以上５トン未満,0,2017/05/29,91.5,38100,16,450,380,416.4,0006046,0052
閖上,ひらめ,生鮮,小型底曳網・桁あみ,動力船３トン以上５トン未満,0,2017/05/29,70.1,32598,13,500,430,465,0006224,0052
閖上,アカシタビラメ,生鮮,小型底曳網・桁あみ,動力船３トン以上５トン未満,0,2017/05/30,18.5,4625,4,250,250,250,0005392,0052
閖上,アカガイ,生鮮,小型底曳網・桁あみ,動力船３トン以上５トン未満,0,2017/05/30,17.3,57090,5,3300,3300,3300,0005803,0052
閖上,アカガイ,生鮮,小型底曳網・桁あみ,動力船３トン以上５トン未満,0,2017/05/30,65.4,144440,5,2300,2100,2208.6,0005804,0052
閖上,アカガイ,生鮮,小型底曳網・桁あみ,動力船３トン以上５トン未満,0,2017/05/30,12.8,19190,5,1800,1100,1499.2,0005805,0052
閖上,アカガイ,生鮮,小型底曳網・桁あみ,動力船３トン以上５トン未満,0,2017/05/30,13.8,9660,4,700,700,700,0005806,0052
閖上,ガザミ,生鮮,小型底曳網・桁あみ,動力船３トン以上５トン未満,0,2017/05/30,10.8,4320,3,400,400,400,0006046,0052
閖上,ひらめ,生鮮,小型底曳網・桁あみ,動力船３トン以上５トン未満,0,2017/05/30,44.3,22150,6,500,500,500,0006224,0052
閖上,ホシガレイ,生鮮,小型底曳網・桁あみ,動力船３トン以上５トン未満,0,2017/05/31,0.7,350,1,500,500,500,0005324,0052
閖上,マコガレイ,生鮮,小型底曳網・桁あみ,動力船３トン以上５トン未満,0,2017/05/31,5.4,540,3,100,100,100,0005331,0052
閖上,アカシタビラメ,生鮮,小型底曳網・桁あみ,動力船３トン以上５トン未満,0,2017/05/31,10.3,2210,5,250,200,214.6,0005392,0052
閖上,アカガイ,生鮮,小型底曳網・桁あみ,動力船３トン以上５トン未満,0,2017/05/31,33,74053,6,3369,31110,2244,0005803,0052
閖上,アカガイ,生鮮,小型底曳網・桁あみ,動力船３トン以上５トン未満,0,2017/05/31,62.1,139644,6,2369,2069,2248.7,0005804,0052
閖上,アカガイ,生鮮,小型底曳網・桁あみ,動力船３トン以上５トン未満,0,2017/05/31,68,89704,6,1959,1109,1319.2,0005805,0052
閖上,アカガイ,生鮮,小型底曳網・桁あみ,動力船３トン以上５トン未満,0,2017/05/31,39.8,29394,6,800,700,738.5,0005806,0052
閖上,その他の巻き貝,生鮮,小型底曳網・桁あみ,動力船３トン以上５トン未満,0,2017/05/31,1.4,420,1,300,300,300,0005815,0052
閖上,ガザミ,生鮮,小型底曳網・桁あみ,動力船３トン以上５トン未満,0,2017/05/31,19.9,8239,5,430,400,414,0006046,0052
閖上,ひらめ,生鮮,小型底曳網・桁あみ,動力船３トン以上５トン未満,0,2017/05/31,14,3500,1,250,250,250,0006224,0052
閖上,マコガレイ,生鮮,小型底曳網・桁あみ,動力船３トン以上５トン未満,0,2017/06/01,9.3,1140,4,200,50,122.6,0005331,0052
閖上,アカシタビラメ,生鮮,小型底曳網・桁あみ,動力船３トン以上５トン未満,0,2017/06/01,19.1,2994,8,200,130,156.8,0005392,0052
閖上,アカガイ,生鮮,小型底曳網・桁あみ,動力船３トン以上５トン未満,0,2017/06/01,72.7,223434,10,3471,2010,3073.4,0005803,0052
閖上,アカガイ,生鮮,小型底曳網・桁あみ,動力船３トン以上５トン未満,0,2017/06/01,96.7,235696,10,2699,2200,2437.4,0005804,0052
閖上,アカガイ,生鮮,小型底曳網・桁あみ,動力船３トン以上５トン未満,0,2017/06/01,28.3,43583,10,2051,800,1540,0005805,0052
閖上,アカガイ,生鮮,小型底曳網・桁あみ,動力船３トン以上５トン未満,0,2017/06/01,46.2,36850,9,859,700,797.6,0005806,0052
閖上,その他の巻き貝,生鮮,小型底曳網・桁あみ,動力船３トン以上５トン未満,0,2017/06/01,3.8,1140,4,300,300,300,0005815,0052
閖上,ガザミ,生鮮,小型底曳網・桁あみ,動力船３トン以上５トン未満,0,2017/06/01,38.5,15507,10,450,200,402.8,0006046,0052
閖上,ひらめ,生鮮,小型底曳網・桁あみ,動力船３トン以上５トン未満,0,2017/06/01,20.5,8710,6,500,150,424.9,0006224,0052
閖上,イシガレイ,生鮮,小型底曳網・桁あみ,動力船３トン以上５トン未満,0,2017/06/05,1.8,630,5,150,100,350,0005306,0052
閖上,ホシガレイ,生鮮,小型底曳網・桁あみ,動力船３トン以上５トン未満,0,2017/06/05,1.5,3132,1,2088,2088,2088,0005324,0052
閖上,マコガレイ,生鮮,小型底曳網・桁あみ,動力船３トン以上５トン未満,0,2017/06/05,11.9,2962,5,259,200,248.9,0005331,0052
閖上,アカシタビラメ,生鮮,小型底曳網・桁あみ,動力船３トン以上５トン未満,0,2017/06/05,67.6,13305,19,250,130,196.8,0005392,0052
閖上,シャコ,生鮮,小型底曳網・桁あみ,動力船３トン以上５トン未満,0,2017/06/05,0.5,255,1,510,510,510,0005701,0052
閖上,アカガイ,生鮮,小型底曳網・桁あみ,動力船３トン以上５トン未満,0,2017/06/05,224.1,698341,21,3511,2459,3116.2,0005803,0052
閖上,アカガイ,生鮮,小型底曳網・桁あみ,動力船３トン以上５トン未満,0,2017/06/05,138.1,370603,21,3021,1900,2683.6,0005804,0052
閖上,アカガイ,生鮮,小型底曳網・桁あみ,動力船３トン以上５トン未満,0,2017/06/05,38.7,58490,18,2199,900,1511.4,0005805,0052
閖上,アカガイ,生鮮,小型底曳網・桁あみ,動力船３トン以上５トン未満,0,2017/06/05,96.4,76348,20,980,600,792,0005806,0052
閖上,その他の巻き貝,生鮮,小型底曳網・桁あみ,動力船３トン以上５トン未満,0,2017/06/05,10.3,5001,6,510,450,485.5,0005815,0052
閖上,コタマガイ,生鮮,小型底曳網・桁あみ,動力船３トン以上５トン未満,0,2017/06/05,32,7360,1,230,230,230,0005832,0051
閖上,ガザミ,生鮮,小型底曳網・桁あみ,動力船３トン以上５トン未満,0,2017/06/05,120,52253,18,550,300,435.4,0006046,0052
閖上,ひらめ,生鮮,小型底曳網・桁あみ,動力船３トン以上５トン未満,0,2017/06/05,42.4,19755,13,500,350,465.9,0006224,0052
閖上,アカシタビラメ,生鮮,小型底曳網・桁あみ,動力船３トン以上５トン未満,0,2017/06/06,0,0,1,150,150,0,0005392,0052
閖上,マコガレイ,生鮮,小型底曳網・桁あみ,動力船３トン以上５トン未満,0,2017/06/07,18.4,3895,6,250,150,211.7,0005331,0052
閖上,アカシタビラメ,生鮮,小型底曳網・桁あみ,動力船３トン以上５トン未満,0,2017/06/07,40.1,6015,10,150,150,150,0005392,0052
閖上,シャコ,生鮮,小型底曳網・桁あみ,動力船３トン以上５トン未満,0,2017/06/07,0.2,42,1,210,210,210,0005701,0052
閖上,アカガイ,生鮮,小型底曳網・桁あみ,動力船３トン以上５トン未満,0,2017/06/07,97.7,309808,11,3521,2461,3171,0005803,0052
閖上,アカガイ,生鮮,小型底曳網・桁あみ,動力船３トン以上５トン未満,0,2017/06/07,78.6,214923,11,3221,2100,2734.4,0005804,0052
閖上,アカガイ,生鮮,小型底曳網・桁あみ,動力船３トン以上５トン未満,0,2017/06/07,27.7,42198,11,2169,1169,1523.4,0005805,0052
閖上,その他の巻き貝,生鮮,小型底曳網・桁あみ,動力船３トン以上５トン未満,0,2017/06/07,4.4,2205,3,501,501,501.1,0005815,0052
閖上,コタマガイ,生鮮,小型底曳網・桁あみ,動力船３トン以上５トン未満,0,2017/06/07,47,11045,1,235,235,235,0005832,0051
閖上,ガザミ,生鮮,小型底曳網・桁あみ,動力船３トン以上５トン未満,0,2017/06/07,52.1,24243,9,509,400,465.3,0006046,0052
閖上,ひらめ,生鮮,小型底曳網・桁あみ,動力船３トン以上５トン未満,0,2017/06/07,21.7,9107,7,500,350,419.7,0006224,0052
閖上,マコガレイ,生鮮,小型底曳網・桁あみ,動力船３トン以上５トン未満,0,2017/06/08,9.5,1900,2,200,200,200,0005331,0052
閖上,アカシタビラメ,生鮮,小型底曳網・桁あみ,動力船３トン以上５トン未満,0,2017/06/08,23,3450,4,150,150,150,0005392,0052
閖上,アカガイ,生鮮,小型底曳網・桁あみ,動力船３トン以上５トン未満,0,2017/06/08,50.2,159900,4,3500,3000,3185.3,0005803,0052
閖上,アカガイ,生鮮,小型底曳網・桁あみ,動力船３トン以上５トン未満,0,2017/06/08,33.1,81870,4,2700,2100,2473.4,0005804,0052
閖上,アカガイ,生鮮,小型底曳網・桁あみ,動力船３トン以上５トン未満,0,2017/06/08,7.2,8640,4,1200,1200,1200,0005805,0052
閖上,アカガイ,生鮮,小型底曳網・桁あみ,動力船３トン以上５トン未満,0,2017/06/08,5.5,3850,2,700,700,700,0005806,0052
閖上,ガザミ,生鮮,小型底曳網・桁あみ,動力船３トン以上５トン未満,0,2017/06/08,25,12500,4,500,500,500,0006046,0052
閖上,ひらめ,生鮮,小型底曳網・桁あみ,動力船３トン以上５トン未満,0,2017/06/08,11.8,5900,2,500,500,500,0006224,0052
閖上,マコガレイ,生鮮,小型底曳網・桁あみ,動力船３トン以上５トン未満,0,2017/06/09,19.3,3860,6,200,200,200,0005331,0052
閖上,アカシタビラメ,生鮮,小型底曳網・桁あみ,動力船３トン以上５トン未満,0,2017/06/09,18.6,4350,7,250,200,233.9,0005392,0052
閖上,シャコ,生鮮,小型底曳網・桁あみ,動力船３トン以上５トン未満,0,2017/06/09,0.2,46,1,230,230,230,0005701,0052
閖上,アカガイ,生鮮,小型底曳網・桁あみ,動力船３トン以上５トン未満,0,2017/06/09,48.9,159249,7,3531,2460,3256.6,0005803,0052
閖上,アカガイ,生鮮,小型底曳網・桁あみ,動力船３トン以上５トン未満,0,2017/06/09,46,141165,7,3270,2689,3068.8,0005804,0052
閖上,アカガイ,生鮮,小型底曳網・桁あみ,動力船３トン以上５トン未満,0,2017/06/09,24.2,35118,7,2450,906,1451.2,0005805,0052
閖上,アカガイ,生鮮,小型底曳網・桁あみ,動力船３トン以上５トン未満,0,2017/06/09,15.3,12255,6,801,801,801,0005806,0052
閖上,その他の巻き貝,生鮮,小型底曳網・桁あみ,動力船３トン以上５トン未満,0,2017/06/09,8,3600,5,450,450,450,0005815,0052
閖上,ガザミ,生鮮,小型底曳網・桁あみ,動力船３トン以上５トン未満,0,2017/06/09,53.2,26503,7,530,401,498.2,0006046,0052
閖上,ひらめ,生鮮,小型底曳網・桁あみ,動力船３トン以上５トン未満,0,2017/06/09,16.2,6966,3,430,430,430,0006224,0052
閖上,イシガレイ,生鮮,小型底曳網・桁あみ,動力船３トン以上５トン未満,0,2017/06/12,3.1,651,2,210,210,210,0005306,0052
閖上,ホシガレイ,生鮮,小型底曳網・桁あみ,動力船３トン以上５トン未満,0,2017/06/12,0.5,250,1,500,500,500,0005324,0052
閖上,マコガレイ,生鮮,小型底曳網・桁あみ,動力船３トン以上５トン未満,0,2017/06/12,19.6,4782,8,286,100,244,0005331,0052
閖上,アカシタビラメ,生鮮,小型底曳網・桁あみ,動力船３トン以上５トン未満,0,2017/06/12,84.8,16122,22,250,130,190.1,0005392,0052
閖上,アカガイ,生鮮,小型底曳網・桁あみ,動力船３トン以上５トン未満,0,2017/06/12,219.9,722826,22,3589,2439,3287.1,0005803,0052
閖上,アカガイ,生鮮,小型底曳網・桁あみ,動力船３トン以上５トン未満,0,2017/06/12,168.3,466963,22,3299,2000,2774.6,0005804,0052
閖上,アカガイ,生鮮,小型底曳網・桁あみ,動力船３トン以上５トン未満,0,2017/06/12,47.4,65921,20,2350,808,1390.7,0005805,0052
閖上,アカガイ,生鮮,小型底曳網・桁あみ,動力船３トン以上５トン未満,0,2017/06/12,54.8,35784,20,800,510,653,0005806,0052
閖上,ガザミ,生鮮,小型底曳網・桁あみ,動力船３トン以上５トン未満,0,2017/06/12,110.9,56672,20,610,380,511,0006046,0052
閖上,ひらめ,生鮮,小型底曳網・桁あみ,動力船３トン以上５トン未満,0,2017/06/12,121.4,58114,20,610,420,478.7,0006224,0052
閖上,マコガレイ,生鮮,小型底曳網・桁あみ,動力船３トン以上５トン未満,0,2017/06/14,9.5,2775,3,310,200,292.1,0005331,0052
閖上,アカシタビラメ,生鮮,小型底曳網・桁あみ,動力船３トン以上５トン未満,0,2017/06/14,32.7,4251,10,130,130,130,0005392,0052
閖上,シャコ,生鮮,小型底曳網・桁あみ,動力船３トン以上５トン未満,0,2017/06/14,0.7,560,1,800,800,800,0005701,0052
閖上,アカガイ,生鮮,小型底曳網・桁あみ,動力船３トン以上５トン未満,0,2017/06/14,96.2,308420,11,3400,2500,3206,0005803,0052
閖上,アカガイ,生鮮,小型底曳網・桁あみ,動力船３トン以上５トン未満,0,2017/06/14,122.9,344179,11,3130,2000,2800.5,0005804,0052
閖上,アカガイ,生鮮,小型底曳網・桁あみ,動力船３トン以上５トン未満,0,2017/06/14,40.6,51917,11,2360,900,1278.7,0005805,0052
閖上,アカガイ,生鮮,小型底曳網・桁あみ,動力船３トン以上５トン未満,0,2017/06/14,27.3,16703,11,660,500,611.8,0005806,0052
閖上,コタマガイ,生鮮,小型底曳網・桁あみ,動力船３トン以上５トン未満,0,2017/06/14,35,8330,1,238,238,238,0005832,0051
閖上,ガザミ,生鮮,小型底曳網・桁あみ,動力船３トン以上５トン未満,0,2017/06/14,46.2,25463,10,630,460,551.1,0006046,0052
閖上,コチ,生鮮,小型底曳網・桁あみ,動力船３トン以上５トン未満,0,2017/06/14,0.9,232,1,258,258,257.8,0006088,0052
閖上,ひらめ,生鮮,小型底曳網・桁あみ,動力船３トン以上５トン未満,0,2017/06/14,29.7,12690,9,500,350,427.3,0006224,0052
閖上,マコガレイ,生鮮,小型底曳網・桁あみ,動力船３トン以上５トン未満,0,2017/06/15,10.7,3477,4,359,300,325,0005331,0052
閖上,アカシタビラメ,生鮮,小型底曳網・桁あみ,動力船３トン以上５トン未満,0,2017/06/15,28.5,5600,11,250,130,196.5,0005392,0052
閖上,シャコ,生鮮,小型底曳網・桁あみ,動力船３トン以上５トン未満,0,2017/06/15,1.1,661,2,650,560,600.9,0005701,0052
閖上,アカガイ,生鮮,小型底曳網・桁あみ,動力船３トン以上５トン未満,0,2017/06/15,88.4,286941,11,3399,2511,3245.9,0005803,0052
閖上,アカガイ,生鮮,小型底曳網・桁あみ,動力船３トン以上５トン未満,0,2017/06/15,108.6,306859,11,3221,2000,2825.6,0005804,0052
閖上,アカガイ,生鮮,小型底曳網・桁あみ,動力船３トン以上５トン未満,0,2017/06/15,34.6,51619,10,2451,1000,1491.9,0005805,0052
閖上,アカガイ,生鮮,小型底曳網・桁あみ,動力船３トン以上５トン未満,0,2017/06/15,28.3,18685,9,728,600,660.2,0005806,0052
閖上,ガザミ,生鮮,小型底曳網・桁あみ,動力船３トン以上５トン未満,0,2017/06/15,50.4,29454,10,619,466,584.4,0006046,0052
閖上,ひらめ,生鮮,小型底曳網・桁あみ,動力船３トン以上５トン未満,0,2017/06/15,41.3,20600,7,519,450,498.8,0006224,0052
閖上,マコガレイ,生鮮,小型底曳網・桁あみ,動力船３トン以上５トン未満,0,2017/06/16,3,900,1,300,300,300,0005331,0052
閖上,アカシタビラメ,生鮮,小型底曳網・桁あみ,動力船３トン以上５トン未満,0,2017/06/16,6.9,1725,3,250,250,250,0005392,0052
閖上,アカガイ,生鮮,小型底曳網・桁あみ,動力船３トン以上５トン未満,0,2017/06/16,39.9,127920,4,3400,3100,3206,0005803,0052
閖上,アカガイ,生鮮,小型底曳網・桁あみ,動力船３トン以上５トン未満,0,2017/06/16,27.7,70170,4,2700,2100,2533.2,0005804,0052
閖上,アカガイ,生鮮,小型底曳網・桁あみ,動力船３トン以上５トン未満,0,2017/06/16,4.2,5460,2,1300,1300,1300,0005805,0052
閖上,アカガイ,生鮮,小型底曳網・桁あみ,動力船３トン以上５トン未満,0,2017/06/16,5.7,3990,3,700,700,700,0005806,0052
閖上,ガザミ,活魚,小型底曳網・桁あみ,動力船３トン以上５トン未満,0,2017/06/16,88.7,59530,2,850,550,671.1,0006046,0052
閖上,ガザミ,生鮮,小型底曳網・桁あみ,動力船３トン以上５トン未満,0,2017/06/16,62.6,30990,3,600,450,495,0006046,0052
閖上,ヒラツメガニ,生鮮,小型底曳網・桁あみ,動力船３トン以上５トン未満,0,2017/06/16,28,11200,2,400,400,400,0006052,0052
閖上,ひらめ,生鮮,小型底曳網・桁あみ,動力船３トン以上５トン未満,0,2017/06/16,13.4,6700,3,500,500,500,0006224,0052
閖上,イシガレイ,生鮮,小型底曳網・桁あみ,動力船３トン以上５トン未満,0,2017/06/19,1.2,360,1,300,300,300,0005306,0052
閖上,ホシガレイ,生鮮,小型底曳網・桁あみ,動力船３トン以上５トン未満,0,2017/06/19,0.8,680,1,850,850,850,0005324,0052
閖上,マコガレイ,生鮮,小型底曳網・桁あみ,動力船３トン以上５トン未満,0,2017/06/19,25.6,6885,11,320,100,268.9,0005331,0052
閖上,メイタガレイ,生鮮,小型底曳網・桁あみ,動力船３トン以上５トン未満,0,2017/06/19,0.7,560,1,800,800,800,0005359,0052
閖上,アカシタビラメ,生鮮,小型底曳網・桁あみ,動力船３トン以上５トン未満,0,2017/06/19,56.7,11066,17,250,130,195.2,0005392,0052
閖上,すずき,生鮮,小型底曳網・桁あみ,動力船３トン以上５トン未満,0,2017/06/19,3,1500,1,500,500,500,0005401,0052
閖上,シャコ,生鮮,小型底曳網・桁あみ,動力船３トン以上５トン未満,0,2017/06/19,1.3,1175,3,1000,750,903.8,0005701,0052
閖上,アカガイ,生鮮,小型底曳網・桁あみ,動力船３トン以上５トン未満,0,2017/06/19,139,445682,17,3531,2369,3206.3,0005803,0052
閖上,アカガイ,生鮮,小型底曳網・桁あみ,動力船３トン以上５トン未満,0,2017/06/19,140,404257,17,3420,2300,2887.6,0005804,0052
閖上,アカガイ,生鮮,小型底曳網・桁あみ,動力船３トン以上５トン未満,0,2017/06/19,35.4,53812,17,2439,900,1520.1,0005805,0052
閖上,アカガイ,生鮮,小型底曳網・桁あみ,動力船３トン以上５トン未満,0,2017/06/19,42.4,32766,17,890,601,772.8,0005806,0052
閖上,ガザミ,活魚,小型底曳網・桁あみ,動力船３トン以上５トン未満,0,2017/06/19,12,12000,1,1000,1000,1000,0006046,0052
閖上,ガザミ,生鮮,小型底曳網・桁あみ,動力船３トン以上５トン未満,0,2017/06/19,127.4,69293,15,600,250,543.9,0006046,0052
閖上,ヒラツメガニ,生鮮,小型底曳網・桁あみ,動力船３トン以上５トン未満,0,2017/06/19,8,3200,1,400,400,400,0006052,0052
閖上,コチ,生鮮,小型底曳網・桁あみ,動力船３トン以上５トン未満,0,2017/06/19,1.2,360,1,300,300,300,0006088,0052
閖上,ひらめ,生鮮,小型底曳網・桁あみ,動力船３トン以上５トン未満,0,2017/06/19,74.3,33559,14,500,400,451.7,0006224,0052
閖上,ガザミ,活魚,せん漁業,動力船３トン以上５トン未満,0,2017/06/20,83,56985,2,850,550,686.6,0006046,0074
閖上,ヒラツメガニ,活魚,せん漁業,動力船３トン以上５トン未満,0,2017/06/20,47.6,19040,2,400,400,400,0006052,0074
閖上,マコガレイ,生鮮,小型底曳網・桁あみ,動力船３トン以上５トン未満,0,2017/06/21,3.1,885,3,350,250,285.5,0005331,0052
閖上,アカシタビラメ,生鮮,小型底曳網・桁あみ,動力船３トン以上５トン未満,0,2017/06/21,52.5,6825,11,130,130,130,0005392,0052
閖上,すずき,生鮮,小型底曳網・桁あみ,動力船３トン以上５トン未満,0,2017/06/21,2.7,1239,1,459,459,458.9,0005401,0052
閖上,シャコ,生鮮,小型底曳網・桁あみ,動力船３トン以上５トン未満,0,2017/06/21,0.4,400,1,1000,1000,1000,0005701,0052
閖上,アカガイ,生鮮,小型底曳網・桁あみ,動力船３トン以上５トン未満,0,2017/06/21,63.7,205302,11,3591,2400,3223,0005803,0052
閖上,アカガイ,生鮮,小型底曳網・桁あみ,動力船３トン以上５トン未満,0,2017/06/21,92.2,261819,11,3319,2300,2839.7,0005804,0052
閖上,アカガイ,生鮮,小型底曳網・桁あみ,動力船３トン以上５トン未満,0,2017/06/21,47.9,69692,10,2369,901,1454.9,0005805,0052
閖上,アカガイ,生鮮,小型底曳網・桁あみ,動力船３トン以上５トン未満,0,2017/06/21,17.4,14729,9,869,800,846.5,0005806,0052
閖上,ガザミ,生鮮,小型底曳網・桁あみ,動力船３トン以上５トン未満,0,2017/06/21,48.9,20847,8,500,200,426.3,0006046,0052
閖上,コチ,生鮮,小型底曳網・桁あみ,動力船３トン以上５トン未満,0,2017/06/21,1.1,450,1,409,409,409.1,0006088,0052
閖上,ひらめ,生鮮,小型底曳網・桁あみ,動力船３トン以上５トン未満,0,2017/06/21,16.3,7060,5,500,200,433.1,0006224,0052
閖上,マコガレイ,生鮮,小型底曳網・桁あみ,動力船３トン以上５トン未満,0,2017/06/22,1.6,480,1,300,300,300,0005331,0052
閖上,アカシタビラメ,生鮮,小型底曳網・桁あみ,動力船３トン以上５トン未満,0,2017/06/22,11,1430,3,130,130,130,0005392,0052
閖上,すずき,生鮮,小型底曳網・桁あみ,動力船３トン以上５トン未満,0,2017/06/22,2.3,1150,1,500,500,500,0005401,0052
閖上,アカガイ,生鮮,小型底曳網・桁あみ,動力船３トン以上５トン未満,0,2017/06/22,31.7,106390,4,3500,3300,3356.2,0005803,0052
閖上,アカガイ,生鮮,小型底曳網・桁あみ,動力船３トン以上５トン未満,0,2017/06/22,27.2,72110,4,2800,2300,2651.1,0005804,0052
閖上,アカガイ,生鮮,小型底曳網・桁あみ,動力船３トン以上５トン未満,0,2017/06/22,7.4,8140,4,1100,1100,1100,0005805,0052
閖上,アカガイ,生鮮,小型底曳網・桁あみ,動力船３トン以上５トン未満,0,2017/06/22,6.6,5280,2,800,800,800,0005806,0052
閖上,ガザミ,活魚,小型底曳網・桁あみ,動力船３トン以上５トン未満,0,2017/06/22,10,10000,1,1000,1000,1000,0006046,0052
閖上,ガザミ,生鮮,小型底曳網・桁あみ,動力船３トン以上５トン未満,0,2017/06/22,22,10175,5,500,450,462.5,0006046,0052
閖上,ヒラツメガニ,生鮮,小型底曳網・桁あみ,動力船３トン以上５トン未満,0,2017/06/22,38,15200,1,400,400,400,0006052,0052
閖上,コチ,生鮮,小型底曳網・桁あみ,動力船３トン以上５トン未満,0,2017/06/22,3.4,1360,1,400,400,400,0006088,0052
閖上,ホシガレイ,生鮮,小型底曳網・桁あみ,動力船３トン以上５トン未満,0,2017/06/23,0.7,840,1,1200,1200,1200,0005324,0052
閖上,マコガレイ,生鮮,小型底曳網・桁あみ,動力船３トン以上５トン未満,0,2017/06/23,2.6,1066,1,410,410,410,0005331,0052
閖上,アカシタビラメ,生鮮,小型底曳網・桁あみ,動力船３トン以上５トン未満,0,2017/06/23,18.1,4190,7,250,200,231.5,0005392,0052
閖上,シャコ,生鮮,小型底曳網・桁あみ,動力船３トン以上５トン未満,0,2017/06/23,0.8,755,2,1000,850,943.8,0005701,0052
閖上,アカガイ,生鮮,小型底曳網・桁あみ,動力船３トン以上５トン未満,0,2017/06/23,21,75433,7,3699,3010,3592,0005803,0052
閖上,アカガイ,生鮮,小型底曳網・桁あみ,動力船３トン以上５トン未満,0,2017/06/23,31,98963,7,3391,2811,3192.4,0005804,0052
閖上,アカガイ,生鮮,小型底曳網・桁あみ,動力船３トン以上５トン未満,0,2017/06/23,81,120863,7,2500,1131,1492.1,0005805,0052
閖上,アカガイ,生鮮,小型底曳網・桁あみ,動力船３トン以上５トン未満,0,2017/06/23,23.6,23836,6,1010,1010,1010,0005806,0052
閖上,その他の巻き貝,生鮮,小型底曳網・桁あみ,動力船３トン以上５トン未満,0,2017/06/23,2.9,1479,1,510,510,510,0005815,0052
閖上,ガザミ,生鮮,小型底曳網・桁あみ,動力船３トン以上５トン未満,0,2017/06/23,47.8,26475,6,680,469,553.9,0006046,0052
閖上,コチ,生鮮,小型底曳網・桁あみ,動力船３トン以上５トン未満,0,2017/06/23,4.4,2151,2,489,489,488.9,0006088,0052
閖上,ひらめ,生鮮,小型底曳網・桁あみ,動力船３トン以上５トン未満,0,2017/06/23,3.4,1936,2,580,550,569.4,0006224,0052
閖上,マコガレイ,生鮮,小型底曳網・桁あみ,動力船３トン以上５トン未満,0,2017/06/26,17.1,5124,8,350,200,299.6,0005331,0052
閖上,アカシタビラメ,生鮮,小型底曳網・桁あみ,動力船３トン以上５トン未満,0,2017/06/26,66.3,11992,17,220,130,180.9,0005392,0052
閖上,シャコ,生鮮,小型底曳網・桁あみ,動力船３トン以上５トン未満,0,2017/06/26,1.8,1300,4,1000,500,722.2,0005701,0052
閖上,アカガイ,生鮮,小型底曳網・桁あみ,動力船３トン以上５トン未満,0,2017/06/26,115.5,388057,21,3710,2631,3359.8,0005803,0052
閖上,アカガイ,生鮮,小型底曳網・桁あみ,動力船３トン以上５トン未満,0,2017/06/26,138.8,369078,21,3331,2000,2659.1,0005804,0052
閖上,アカガイ,生鮮,小型底曳網・桁あみ,動力船３トン以上５トン未満,0,2017/06/26,458.8,539823,21,2680,800,1176.6,0005805,0052
閖上,アカガイ,生鮮,小型底曳網・桁あみ,動力船３トン以上５トン未満,0,2017/06/26,110.8,55101,18,1000,450,497.3,0005806,0052
閖上,コタマガイ,生鮮,小型底曳網・桁あみ,動力船３トン以上５トン未満,0,2017/06/26,61.8,14894,1,241,241,241,0005832,0051
閖上,ガザミ,生鮮,小型底曳網・桁あみ,動力船３トン以上５トン未満,0,2017/06/26,108.4,57684,20,659,200,532.1,0006046,0052
閖上,コチ,生鮮,小型底曳網・桁あみ,動力船３トン以上５トン未満,0,2017/06/26,14.5,5288,6,480,260,364.7,0006088,0052
閖上,ひらめ,生鮮,小型底曳網・桁あみ,動力船３トン以上５トン未満,0,2017/06/26,58.1,22484,15,550,250,387,0006224,0052
閖上,ガザミ,活魚,せん漁業,動力船３トン以上５トン未満,0,2017/06/27,73.1,52725,2,900,550,721.3,0006046,0074
閖上,ヒラツメガニ,活魚,せん漁業,動力船３トン以上５トン未満,0,2017/06/27,14.2,5540,2,400,350,390.1,0006052,0074
閖上,マコガレイ,生鮮,小型底曳網・桁あみ,動力船３トン以上５トン未満,0,2017/06/28,27.2,7491,8,300,231,275.4,0005331,0052
閖上,アカシタビラメ,生鮮,小型底曳網・桁あみ,動力船３トン以上５トン未満,0,2017/06/28,37.1,5180,10,200,130,139.6,0005392,0052
閖上,シャコ,生鮮,小型底曳網・桁あみ,動力船３トン以上５トン未満,0,2017/06/28,0.7,700,2,1000,1000,1000,0005701,0052
閖上,アカガイ,生鮮,小型底曳網・桁あみ,動力船３トン以上５トン未満,0,2017/06/28,78.6,250821,11,3589,2369,3191.1,0005803,0052
閖上,アカガイ,生鮮,小型底曳網・桁あみ,動力船３トン以上５トン未満,0,2017/06/28,85.1,218535,11,3321,1700,2568,0005804,0052
閖上,アカガイ,生鮮,小型底曳網・桁あみ,動力船３トン以上５トン未満,0,2017/06/28,191.5,211219,11,1869,601,1103,0005805,0052
閖上,アカガイ,生鮮,小型底曳網・桁あみ,動力船３トン以上５トン未満,0,2017/06/28,40.8,19807,8,510,450,485.5,0005806,0052
閖上,その他の巻き貝,生鮮,小型底曳網・桁あみ,動力船３トン以上５トン未満,0,2017/06/28,21.8,8863,4,500,231,406.6,0005815,0052
閖上,コタマガイ,生鮮,小型底曳網・桁あみ,動力船３トン以上５トン未満,0,2017/06/28,45,10935,1,243,243,243,0005832,0051
閖上,ガザミ,生鮮,小型底曳網・桁あみ,動力船３トン以上５トン未満,0,2017/06/28,59.9,25635,9,500,251,428,0006046,0052
閖上,コチ,生鮮,小型底曳網・桁あみ,動力船３トン以上５トン未満,0,2017/06/28,9.6,2154,4,250,190,224.4,0006088,0052
閖上,ひらめ,生鮮,小型底曳網・桁あみ,動力船３トン以上５トン未満,0,2017/06/28,14.2,5345,7,500,321,376.4,0006224,0052
閖上,ホシガレイ,生鮮,小型底曳網・桁あみ,動力船３トン以上５トン未満,0,2017/06/29,0.9,720,1,800,800,800,0005324,0052
閖上,マコガレイ,生鮮,小型底曳網・桁あみ,動力船３トン以上５トン未満,0,2017/06/29,26.6,6280,8,250,200,236.1,0005331,0052
閖上,アカシタビラメ,生鮮,小型底曳網・桁あみ,動力船３トン以上５トン未満,0,2017/06/29,40.4,5290,10,150,120,130.9,0005392,0052
閖上,すずき,生鮮,小型底曳網・桁あみ,動力船３トン以上５トン未満,0,2017/06/29,3,1800,1,600,600,600,0005401,0052
閖上,シャコ,生鮮,小型底曳網・桁あみ,動力船３トン以上５トン未満,0,2017/06/29,1.1,220,2,200,200,200,0005701,0052
閖上,アカガイ,生鮮,小型底曳網・桁あみ,動力船３トン以上５トン未満,0,2017/06/29,68.3,229813,11,3719,2259,3364.8,0005803,0052
閖上,アカガイ,生鮮,小型底曳網・桁あみ,動力船３トン以上５トン未満,0,2017/06/29,66,180900,11,3399,2500,2740.9,0005804,0052
閖上,アカガイ,生鮮,小型底曳網・桁あみ,動力船３トン以上５トン未満,0,2017/06/29,247.6,238380,11,1821,519,962.8,0005805,0052
閖上,アカガイ,生鮮,小型底曳網・桁あみ,動力船３トン以上５トン未満,0,2017/06/29,53.6,20932,9,500,380,390.5,0005806,0052
閖上,その他の巻き貝,生鮮,小型底曳網・桁あみ,動力船３トン以上５トン未満,0,2017/06/29,4.5,1800,1,400,400,400,0005815,0052
閖上,ガザミ,生鮮,小型底曳網・桁あみ,動力船３トン以上５トン未満,0,2017/06/29,56.6,21001,10,400,330,371,0006046,0052
閖上,コチ,生鮮,小型底曳網・桁あみ,動力船３トン以上５トン未満,0,2017/06/29,11.3,3270,4,300,150,289.4,0006088,0052
閖上,ひらめ,生鮮,小型底曳網・桁あみ,動力船３トン以上５トン未満,0,2017/06/29,8.2,3131,3,500,330,381.8,0006224,0052
閖上,マコガレイ,生鮮,小型底曳網・桁あみ,動力船３トン以上５トン未満,0,2017/06/30,7.3,1460,3,200,200,200,0005331,0052
閖上,アカシタビラメ,生鮮,小型底曳網・桁あみ,動力船３トン以上５トン未満,0,2017/06/30,12,1440,4,120,120,120,0005392,0052
閖上,アカガイ,生鮮,小型底曳網・桁あみ,動力船３トン以上５トン未満,0,2017/06/30,36.3,125350,4,3700,3300,3453.2,0005803,0052
閖上,アカガイ,生鮮,小型底曳網・桁あみ,動力船３トン以上５トン未満,0,2017/06/30,22.4,58240,4,2600,2600,2600,0005804,0052
閖上,アカガイ,生鮮,小型底曳網・桁あみ,動力船３トン以上５トン未満,0,2017/06/30,51.3,51710,4,1700,700,1008,0005805,0052
閖上,アカガイ,生鮮,小型底曳網・桁あみ,動力船３トン以上５トン未満,0,2017/06/30,6.5,2600,2,400,400,400,0005806,0052
閖上,ガザミ,生鮮,小型底曳網・桁あみ,動力船３トン以上５トン未満,0,2017/06/30,15,5250,3,350,350,350,0006046,0052
閖上,コチ,生鮮,小型底曳網・桁あみ,動力船３トン以上５トン未満,0,2017/06/30,4,1200,2,300,300,300,0006088,0052
閖上,ひらめ,生鮮,小型底曳網・桁あみ,動力船３トン以上５トン未満,0,2017/06/30,2.5,1250,2,500,500,500,0006224,0052
閖上,ガザミ,活魚,せん漁業,動力船３トン以上５トン未満,0,2017/07/03,89.1,55005,2,850,450,617.3,0006046,0074
閖上,ガザミ,生鮮,せん漁業,動力船３トン以上５トン未満,0,2017/07/03,64.5,22575,2,350,350,350,0006046,0074
閖上,ヒラツメガニ,生鮮,せん漁業,動力船３トン以上５トン未満,0,2017/07/03,26.6,9310,2,350,350,350,0006052,0074
閖上,ガザミ,活魚,せん漁業,動力船３トン以上５トン未満,0,2017/07/06,68.4,47030,1,1000,450,687.6,0006046,0074
閖上,ババガレイ,活魚,刺網全漁法,動力船３トン以上５トン未満,0,2017/07/10,1.7,850,1,500,500,500,0005302,0008
閖上,イシガレイ,活魚,刺網全漁法,動力船３トン以上５トン未満,0,2017/07/10,9.1,4550,1,500,500,500,0005306,0008
閖上,イシガレイ,生鮮,刺網全漁法,動力船３トン以上５トン未満,0,2017/07/10,2.8,1120,1,400,400,400,0005306,0008
閖上,マガレイ,生鮮,刺網全漁法,動力船３トン以上５トン未満,0,2017/07/10,7,3500,1,500,500,500,0005329,0008
閖上,マコガレイ,活魚,刺網全漁法,動力船３トン以上５トン未満,0,2017/07/10,41.9,104750,2,2500,2500,2500,0005331,0008
閖上,メイタガレイ,活魚,刺網全漁法,動力船３トン以上５トン未満,0,2017/07/10,2.5,1750,1,700,700,700,0005359,0008
閖上,カナガシラ,活魚,刺網全漁法,動力船３トン以上５トン未満,0,2017/07/10,1.5,225,1,150,150,150,0006043,0008
閖上,カナガシラ,生鮮,刺網全漁法,動力船３トン以上５トン未満,0,2017/07/10,2,300,1,150,150,150,0006043,0008
閖上,ガザミ,活魚,刺網全漁法,動力船３トン以上５トン未満,0,2017/07/10,13,5200,1,400,400,400,0006046,0008
閖上,ガザミ,活魚,せん漁業,動力船３トン以上５トン未満,0,2017/07/10,350.7,222490,6,1000,400,634.4,0006046,0074
閖上,ガザミ,生鮮,刺網全漁法,動力船３トン以上５トン未満,0,2017/07/10,12.5,5000,1,400,400,400,0006046,0008
閖上,ガザミ,生鮮,せん漁業,動力船３トン以上５トン未満,0,2017/07/10,321.2,184430,5,1000,300,574.2,0006046,0074
閖上,ヒラツメガニ,活魚,刺網全漁法,動力船３トン以上５トン未満,0,2017/07/10,4.5,1800,1,400,400,400,0006052,0008
閖上,ヒラツメガニ,活魚,せん漁業,動力船３トン以上５トン未満,0,2017/07/10,9.2,2760,1,300,300,300,0006052,0074
閖上,ヒラツメガニ,生鮮,刺網全漁法,動力船３トン以上５トン未満,0,2017/07/10,7,5600,1,800,800,800,0006052,0008
閖上,ヒラツメガニ,生鮮,せん漁業,動力船３トン以上５トン未満,0,2017/07/10,24,8350,2,400,300,347.9,0006052,0074
閖上,ひらめ,活魚,刺網全漁法,動力船３トン以上５トン未満,0,2017/07/10,64.4,57960,2,900,900,900,0006224,0008
閖上,ひらめ,生鮮,刺網全漁法,動力船３トン以上５トン未満,0,2017/07/10,4,2000,1,500,500,500,0006224,0008
閖上,ホウボウ,活魚,刺網全漁法,動力船３トン以上５トン未満,0,2017/07/10,2.1,840,1,400,400,400,0006246,0008
閖上,ホウボウ,生鮮,刺網全漁法,動力船３トン以上５トン未満,0,2017/07/10,1.3,390,1,300,300,300,0006246,0008
閖上,ババガレイ,生鮮,刺網全漁法,動力船３トン以上５トン未満,0,2017/07/12,0.8,240,1,300,300,300,0005302,0008
閖上,イシガレイ,活魚,刺網全漁法,動力船３トン以上５トン未満,0,2017/07/12,19.5,7800,1,400,400,400,0005306,0008
閖上,マガレイ,生鮮,刺網全漁法,動力船３トン以上５トン未満,0,2017/07/12,12,3000,1,250,250,250,0005329,0008
閖上,マコガレイ,活魚,刺網全漁法,動力船３トン以上５トン未満,0,2017/07/12,30.7,76750,1,2500,2500,2500,0005331,0008
閖上,メイタガレイ,生鮮,刺網全漁法,動力船３トン以上５トン未満,0,2017/07/12,1.6,1120,1,700,700,700,0005359,0008
閖上,あんこう類,生鮮,刺網全漁法,動力船３トン以上５トン未満,0,2017/07/12,25,5000,1,200,200,200,0005938,0008
閖上,カナガシラ,生鮮,刺網全漁法,動力船３トン以上５トン未満,0,2017/07/12,2.3,345,1,150,150,150,0006043,0008
閖上,ガザミ,活魚,せん漁業,動力船３トン以上５トン未満,0,2017/07/12,291.4,172445,3,1000,300,591.8,0006046,0074
閖上,ガザミ,生鮮,刺網全漁法,動力船３トン以上５トン未満,0,2017/07/12,30.5,12200,1,400,400,400,0006046,0008
閖上,ガザミ,生鮮,せん漁業,動力船３トン以上５トン未満,0,2017/07/12,97,53350,3,550,550,550,0006046,0074
閖上,ヒラツメガニ,生鮮,せん漁業,動力船３トン以上５トン未満,0,2017/07/12,20.4,8160,2,400,400,400,0006052,0074
閖上,ひらめ,活魚,刺網全漁法,動力船３トン以上５トン未満,0,2017/07/12,82.9,66320,1,800,800,800,0006224,0008
閖上,ホウボウ,生鮮,刺網全漁法,動力船３トン以上５トン未満,0,2017/07/12,1,300,1,300,300,300,0006246,0008
閖上,その他のさかな,生鮮,刺網全漁法,動力船３トン以上５トン未満,0,2017/07/12,1.6,480,1,300,300,300,0006399,0008
閖上,イシガレイ,生鮮,刺網全漁法,動力船３トン以上５トン未満,0,2017/07/13,9.6,3840,1,400,400,400,0005306,0008
閖上,マガレイ,生鮮,刺網全漁法,動力船３トン以上５トン未満,0,2017/07/13,11,2750,1,250,250,250,0005329,0008
閖上,マコガレイ,活魚,刺網全漁法,動力船３トン以上５トン未満,0,2017/07/13,11.4,28500,1,2500,2500,2500,0005331,0008
閖上,ガザミ,活魚,せん漁業,動力船３トン以上５トン未満,0,2017/07/13,101.5,66995,2,1000,300,660,0006046,0074
閖上,ガザミ,生鮮,刺網全漁法,動力船３トン以上５トン未満,0,2017/07/13,11,5500,1,500,500,500,0006046,0008
閖上,ガザミ,生鮮,せん漁業,動力船３トン以上５トン未満,0,2017/07/13,116,60160,3,600,400,518.6,0006046,0074
閖上,ヒラツメガニ,活魚,せん漁業,動力船３トン以上５トン未満,0,2017/07/13,7.5,2250,1,300,300,300,0006052,0074
閖上,ヒラツメガニ,生鮮,刺網全漁法,動力船３トン以上５トン未満,0,2017/07/13,1.5,600,1,400,400,400,0006052,0008
閖上,ヒラツメガニ,生鮮,せん漁業,動力船３トン以上５トン未満,0,2017/07/13,38,15200,2,400,400,400,0006052,0074
閖上,マトウダイ,生鮮,刺網全漁法,動力船３トン以上５トン未満,0,2017/07/13,1.1,330,1,300,300,300,0006173,0008
閖上,ひらめ,活魚,刺網全漁法,動力船３トン以上５トン未満,0,2017/07/13,56.9,45520,1,800,800,800,0006224,0008
閖上,ホウボウ,生鮮,刺網全漁法,動力船３トン以上５トン未満,0,2017/07/13,5,2000,1,400,400,400,0006246,0008
閖上,ババガレイ,生鮮,刺網全漁法,動力船３トン以上５トン未満,0,2017/07/14,1.3,520,1,400,400,400,0005302,0008
閖上,イシガレイ,生鮮,刺網全漁法,動力船３トン以上５トン未満,0,2017/07/14,13.9,5560,1,400,400,400,0005306,0008
閖上,マコガレイ,活魚,刺網全漁法,動力船３トン以上５トン未満,0,2017/07/14,16.1,40250,1,2500,2500,2500,0005331,0008
閖上,マコガレイ,生鮮,刺網全漁法,動力船３トン以上５トン未満,0,2017/07/14,12.5,3125,1,250,250,250,0005331,0008
閖上,メイタガレイ,生鮮,刺網全漁法,動力船３トン以上５トン未満,0,2017/07/14,1.3,910,1,700,700,700,0005359,0008
閖上,ガザミ,活魚,刺網全漁法,動力船３トン以上５トン未満,0,2017/07/14,8,8000,2,1000,1000,1000,0006046,0008
閖上,ガザミ,活魚,せん漁業,動力船３トン以上５トン未満,0,2017/07/14,212.8,116875,2,1000,300,549.2,0006046,0074
閖上,ガザミ,生鮮,刺網全漁法,動力船３トン以上５トン未満,0,2017/07/14,55,26600,3,600,400,483.6,0006046,0008
閖上,ヒラツメガニ,活魚,せん漁業,動力船３トン以上５トン未満,0,2017/07/14,13.5,4050,2,300,300,300,0006052,0074
閖上,ヒラツメガニ,生鮮,刺網全漁法,動力船３トン以上５トン未満,0,2017/07/14,32,12800,2,400,400,400,0006052,0008
閖上,ひらめ,活魚,刺網全漁法,動力船３トン以上５トン未満,0,2017/07/14,7,5600,1,800,800,800,0006224,0008
閖上,イシガレイ,生鮮,小型底曳網・桁あみ,動力船３トン以上５トン未満,0,2017/12/21,139.5,38310,8,300,100,274.6,0005306,0052
閖上,ホシガレイ,生鮮,小型底曳網・桁あみ,動力船３トン以上５トン未満,0,2017/12/21,0.9,1800,1,2000,2000,2000,0005324,0052
閖上,マコガレイ,生鮮,小型底曳網・桁あみ,動力船３トン以上５トン未満,0,2017/12/21,10.5,3130,5,400,200,298.1,0005331,0052
閖上,アカシタビラメ,生鮮,小型底曳網・桁あみ,動力船３トン以上５トン未満,0,2017/12/21,14.3,2580,4,200,100,180.4,0005392,0052
閖上,シャコ,生鮮,小型底曳網・桁あみ,動力船３トン以上５トン未満,0,2017/12/21,4,400,3,100,100,100,0005701,0052
閖上,アカガイ,生鮮,小型底曳網・桁あみ,動力船３トン以上５トン未満,0,2017/12/21,47.1,123115,9,3571,1269,2613.9,0005803,0052
閖上,アカガイ,生鮮,小型底曳網・桁あみ,動力船３トン以上５トン未満,0,2017/12/21,82.9,179379,10,3300,1500,2163.8,0005804,0052
閖上,アカガイ,生鮮,小型底曳網・桁あみ,動力船３トン以上５トン未満,0,2017/12/21,204.7,176443,10,1500,450,862,0005805,0052
閖上,アカガイ,生鮮,小型底曳網・桁あみ,動力船３トン以上５トン未満,0,2017/12/21,17.4,6240,6,400,350,358.6,0005806,0052
閖上,ホッキガイ,生鮮,小型底曳網・桁あみ,動力船３トン以上５トン未満,0,2017/12/21,133.5,34315,2,350,120,257,0005827,0051
閖上,えい類,生鮮,小型底曳網・桁あみ,動力船３トン以上５トン未満,0,2017/12/21,0,1000,1,1000,1000,0,0005988,0052
閖上,ガザミ,生鮮,小型底曳網・桁あみ,動力船３トン以上５トン未満,0,2017/12/21,359.9,142962,9,555,350,397.2,0006046,0052
閖上,コチ,生鮮,小型底曳網・桁あみ,動力船３トン以上５トン未満,0,2017/12/21,2.6,860,2,500,100,330.8,0006088,0052
閖上,ひらめ,生鮮,小型底曳網・桁あみ,動力船３トン以上５トン未満,0,2017/12/21,13.6,4970,3,500,200,365.4,0006224,0052
閖上,すけとうだら,生鮮,小型底曳網・板曳,動力船３トン以上５トン未満,0,2017/12/25,0.8,88,1,110,110,110,0005001,0004
閖上,イシガレイ,生鮮,小型底曳網・板曳,動力船３トン以上５トン未満,0,2017/12/25,10.4,2600,1,250,250,250,0005306,0004
閖上,イシガレイ,生鮮,小型底曳網・桁あみ,動力船３トン以上５トン未満,0,2017/12/25,60.5,16125,5,300,150,266.5,0005306,0052
閖上,ヌマガレイ(カワガレイ),生鮮,小型底曳網・桁あみ,動力船３トン以上５トン未満,0,2017/12/25,5,150,1,30,30,30,0005314,0052
閖上,マコガレイ,生鮮,小型底曳網・板曳,動力船３トン以上５トン未満,0,2017/12/25,4.1,1558,1,380,380,380,0005331,0004
閖上,マコガレイ,生鮮,小型底曳網・桁あみ,動力船３トン以上５トン未満,0,2017/12/25,4,850,3,400,150,212.5,0005331,0052
閖上,アカシタビラメ,生鮮,小型底曳網・板曳,動力船３トン以上５トン未満,0,2017/12/25,3.5,578,1,165,165,165.1,0005392,0004
閖上,アカシタビラメ,生鮮,小型底曳網・桁あみ,動力船３トン以上５トン未満,0,2017/12/25,9.5,1450,3,160,150,152.6,0005392,0052
閖上,シャコ,生鮮,小型底曳網・桁あみ,動力船３トン以上５トン未満,0,2017/12/25,3.8,600,1,158,158,157.9,0005701,0052
閖上,アカガイ,生鮮,小型底曳網・板曳,動力船３トン以上５トン未満,0,2017/12/25,4.8,15219,1,4090,2680,3170.6,0005803,0004
閖上,アカガイ,生鮮,小型底曳網・桁あみ,動力船３トン以上５トン未満,0,2017/12/25,53.3,177013,8,4090,2031,3321.1,0005803,0052
閖上,アカガイ,生鮮,小型底曳網・板曳,動力船３トン以上５トン未満,0,2017/12/25,4.3,12535,1,3160,2809,2915.1,0005804,0004
閖上,アカガイ,生鮮,小型底曳網・桁あみ,動力船３トン以上５トン未満,0,2017/12/25,62,168118,8,3160,2121,2711.6,0005804,0052
閖上,アカガイ,生鮮,小型底曳網・板曳,動力船３トン以上５トン未満,0,2017/12/25,21.6,17719,1,1490,506,820.3,0005805,0004
閖上,アカガイ,生鮮,小型底曳網・桁あみ,動力船３トン以上５トン未満,0,2017/12/25,151.5,138764,8,1531,506,915.9,0005805,0052
閖上,アカガイ,生鮮,小型底曳網・板曳,動力船３トン以上５トン未満,0,2017/12/25,2.5,878,1,351,351,351.2,0005806,0004
閖上,イシガレイ,生鮮,小型底曳網・桁あみ,動力船３トン以上５トン未満,0,2017/12/19,126.7,32319,6,320,250,255.1,0005306,0052
閖上,マコガレイ,生鮮,小型底曳網・桁あみ,動力船３トン以上５トン未満,0,2017/12/19,24.3,7886,5,400,300,324.5,0005331,0052
閖上,アカシタビラメ,生鮮,小型底曳網・桁あみ,動力船３トン以上５トン未満,0,2017/12/19,25.4,5524,5,700,110,217.5,0005392,0052
閖上,マダコ,生鮮,小型底曳網・桁あみ,動力船３トン以上５トン未満,0,2017/12/19,2.8,1960,1,700,700,700,0005502,0052
閖上,シャコ,生鮮,小型底曳網・桁あみ,動力船３トン以上５トン未満,0,2017/12/19,8.9,890,4,100,100,100,0005701,0052
閖上,アカガイ,生鮮,小型底曳網・桁あみ,動力船３トン以上５トン未満,0,2017/12/19,47.2,150183,10,3400,1300,3181.8,0005803,0052
閖上,アカガイ,生鮮,小型底曳網・桁あみ,動力船３トン以上５トン未満,0,2017/12/19,118.3,246290,10,3400,1511,2081.9,0005804,0052
閖上,アカガイ,生鮮,小型底曳網・桁あみ,動力船３トン以上５トン未満,0,2017/12/19,201,174713,10,1700,501,869.2,0005805,0052
閖上,アカガイ,生鮮,小型底曳網・桁あみ,動力船３トン以上５トン未満,0,2017/12/19,34.3,12594,8,400,350,367.2,0005806,0052
閖上,ホッキガイ,生鮮,小型底曳網・桁あみ,動力船３トン以上５トン未満,0,2017/12/19,109,25950,2,350,120,238.1,0005827,0051
閖上,コタマガイ,生鮮,小型底曳網・桁あみ,動力船３トン以上５トン未満,0,2017/12/19,41,12300,1,300,300,300,0005832,0051
閖上,ガザミ,生鮮,小型底曳網・桁あみ,動力船３トン以上５トン未満,0,2017/12/19,382.7,136336,9,411,350,356.2,0006046,0052
閖上,コチ,生鮮,小型底曳網・桁あみ,動力船３トン以上５トン未満,0,2017/12/19,1.3,650,1,500,500,500,0006088,0052
閖上,ひらめ,生鮮,小型底曳網・桁あみ,動力船３トン以上５トン未満,0,2017/12/19,33.3,17746,8,600,100,532.9,0006224,0052
閖上,アカガイ,生鮮,小型底曳網・桁あみ,動力船３トン以上５トン未満,0,2017/12/25,10.8,5457,3,550,490,505.3,0005806,0052
閖上,その他の巻き貝,生鮮,小型底曳網・桁あみ,動力船３トン以上５トン未満,0,2017/12/25,2.3,874,2,380,380,380,0005815,0052
閖上,その他の巻き貝,生鮮,せん漁業,動力船１０００トン以上,0,2017/12/25,82,17050,1,300,200,207.9,0005815,0074
閖上,ホッキガイ,生鮮,小型底曳網・桁あみ,動力船３トン以上５トン未満,0,2017/12/25,35,8700,1,300,200,248.6,0005827,0051
閖上,ガザミ,生鮮,小型底曳網・板曳,動力船３トン以上５トン未満,0,2017/12/25,43.6,26160,1,600,600,600,0006046,0004
閖上,ガザミ,生鮮,小型底曳網・桁あみ,動力船３トン以上５トン未満,0,2017/12/25,196.3,77030,5,600,350,392.4,0006046,0052
閖上,コチ,生鮮,小型底曳網・桁あみ,動力船３トン以上５トン未満,0,2017/12/25,3.6,1280,3,400,200,355.6,0006088,0052
閖上,ひらめ,生鮮,小型底曳網・桁あみ,動力船３トン以上５トン未満,0,2017/12/25,4.4,1980,1,450,450,450,0006224,0052
閖上,イシガレイ,生鮮,小型底曳網・桁あみ,動力船３トン以上５トン未満,0,2017/12/20,66.7,18720,6,300,250,280.7,0005306,0052
閖上,ホシガレイ,生鮮,小型底曳網・桁あみ,動力船３トン以上５トン未満,0,2017/12/20,1.1,3630,1,3300,3300,3300,0005324,0052
閖上,マコガレイ,生鮮,小型底曳網・桁あみ,動力船３トン以上５トン未満,0,2017/12/20,12.5,4345,5,400,300,347.6,0005331,0052
閖上,アカシタビラメ,生鮮,小型底曳網・桁あみ,動力船３トン以上５トン未満,0,2017/12/20,16.3,2985,5,200,110,183.1,0005392,0052
閖上,シャコ,生鮮,小型底曳網・桁あみ,動力船３トン以上５トン未満,0,2017/12/20,5.3,530,3,100,100,100,0005701,0052
閖上,アカガイ,生鮮,小型底曳網・桁あみ,動力船３トン以上５トン未満,0,2017/12/20,47.7,135438,10,3339,1601,2839.4,0005803,0052
閖上,アカガイ,生鮮,小型底曳網・桁あみ,動力船３トン以上５トン未満,0,2017/12/20,92.9,178685,10,2439,1411,1923.4,0005804,0052
閖上,アカガイ,生鮮,小型底曳網・桁あみ,動力船３トン以上５トン未満,0,2017/12/20,185.7,150035,10,1321,501,807.9,0005805,0052
閖上,アカガイ,生鮮,小型底曳網・桁あみ,動力船３トン以上５トン未満,0,2017/12/20,35,12918,9,510,301,369.1,0005806,0052
閖上,その他の巻き貝,生鮮,せん漁業,動力船１０００トン以上,0,2017/12/20,101,20850,1,300,200,206.4,0005815,0074
閖上,ホッキガイ,生鮮,小型底曳網・桁あみ,動力船３トン以上５トン未満,0,2017/12/20,73,19510,2,350,120,267.3,0005827,0051
閖上,コタマガイ,生鮮,小型底曳網・桁あみ,動力船３トン以上５トン未満,0,2017/12/20,22,6600,1,300,300,300,0005832,0051
閖上,ガザミ,生鮮,小型底曳網・桁あみ,動力船３トン以上５トン未満,0,2017/12/20,115.6,43360,10,421,350,375.1,0006046,0052
閖上,コチ,生鮮,小型底曳網・桁あみ,動力船３トン以上５トン未満,0,2017/12/20,1.7,850,1,500,500,500,0006088,0052
閖上,ひらめ,生鮮,小型底曳網・桁あみ,動力船３トン以上５トン未満,0,2017/12/20,22.8,11444,5,600,380,501.9,0006224,0052
閖上,イシガレイ,生鮮,小型底曳網・桁あみ,動力船３トン以上５トン未満,0,2017/12/22,90.2,22935,7,300,150,254.3,0005306,0052
閖上,マコガレイ,生鮮,小型底曳網・桁あみ,動力船３トン以上５トン未満,0,2017/12/22,15.1,3490,5,400,150,231.1,0005331,0052
閖上,アカシタビラメ,生鮮,小型底曳網・桁あみ,動力船３トン以上５トン未満,0,2017/12/22,15.8,2250,4,150,120,142.4,0005392,0052
閖上,アカガイ,生鮮,小型底曳網・桁あみ,動力船３トン以上５トン未満,0,2017/12/22,31,87500,4,3500,1300,2822.6,0005803,0052
閖上,アカガイ,生鮮,小型底曳網・桁あみ,動力船３トン以上５トン未満,0,2017/12/22,51,97740,4,2500,1700,1916.5,0005804,0052
閖上,アカガイ,生鮮,小型底曳網・桁あみ,動力船３トン以上５トン未満,0,2017/12/22,60.6,53805,4,1200,550,887.9,0005805,0052
閖上,アカガイ,生鮮,小型底曳網・桁あみ,動力船３トン以上５トン未満,0,2017/12/22,5,1750,1,350,350,350,0005806,0052
閖上,その他の巻き貝,生鮮,せん漁業,動力船１０００トン以上,0,2017/12/22,64,13500,1,300,200,210.9,0005815,0074
閖上,ホッキガイ,生鮮,小型底曳網・桁あみ,動力船３トン以上５トン未満,0,2017/12/22,52,12840,2,300,120,246.9,0005827,0051
閖上,コタマガイ,生鮮,小型底曳網・桁あみ,動力船３トン以上５トン未満,0,2017/12/22,24.5,7350,1,300,300,300,0005832,0051
閖上,ガザミ,生鮮,小型底曳網・桁あみ,動力船３トン以上５トン未満,0,2017/12/22,241,84350,6,350,350,350,0006046,0052
閖上,コチ,生鮮,小型底曳網・桁あみ,動力船３トン以上５トン未満,0,2017/12/22,1.2,240,2,200,200,200,0006088,0052
閖上,ひらめ,生鮮,小型底曳網・桁あみ,動力船３トン以上５トン未満,0,2017/12/22,27.5,14840,5,700,400,539.6,0006224,0052
閖上,その他のさかな,生鮮,小型底曳網・桁あみ,動力船３トン以上５トン未満,0,2017/12/22,1.5,45,1,30,30,30,0006399,0052
閖上,シャコ,生鮮,小型底曳網・桁あみ,動力船１０００トン以上,0,2017/12/26,1.7,255,1,150,150,150,0005701,0052
閖上,アカガイ,生鮮,小型底曳網・桁あみ,動力船１０００トン以上,0,2017/12/26,44.9,190875,1,4566,3300,4251.1,0005803,0052
閖上,アカガイ,生鮮,小型底曳網・桁あみ,動力船１０００トン以上,0,2017/12/26,97.5,229661,1,2670,1511,2355.5,0005804,0052
閖上,アカガイ,生鮮,小型底曳網・桁あみ,動力船１０００トン以上,0,2017/12/26,42.2,47652,1,1390,726,1129.2,0005805,0052
閖上,ホッキガイ,生鮮,小型底曳網・桁あみ,動力船３トン以上５トン未満,0,2017/12/26,186,47040,1,280,200,252.9,0005827,0051
閖上,シャコ,生鮮,小型底曳網・桁あみ,動力船１０００トン以上,0,2017/12/27,2.7,405,1,150,150,150,0005701,0052
閖上,アカガイ,生鮮,小型底曳網・桁あみ,動力船１０００トン以上,0,2017/12/27,385.5,1132819,2,4431,2500,2938.6,0005803,0052
閖上,アカガイ,生鮮,小型底曳網・桁あみ,動力船１０００トン以上,0,2017/12/27,94.2,260635,1,3231,2011,2766.8,0005804,0052
閖上,アカガイ,生鮮,小型底曳網・桁あみ,動力船１０００トン以上,0,2017/12/27,22.1,34733,1,1801,811,1571.6,0005805,0052
閖上,ヒラメ累計,生鮮,小型底曳網・桁あみ,動力船３トン以上５トン未満,0,2017/10/10,20.9,10605,6,600,400,507,,
閖上,カタクチイワシ累計,生鮮,船曳網・その他,動力船３トン以上５トン未満,0,2017/10/17,208.7,98076,2,715,214,470,,
閖上,カタクチイワシ累計,生鮮,船曳網・その他,動力船１０００トン以上,0,2017/10/17,102.3,33302,1,715,100,326,,
閖上,カタクチイワシ累計,生鮮,船曳網・その他,動力船３トン以上５トン未満,0,2017/10/16,179.9,90751,1,750,50,504,,
閖上,カタクチイワシ累計,生鮮,船曳網・その他,動力船１０００トン以上,0,2017/10/16,129.3,47913,1,630,170,371,,
閖上,ヒラメ累計,生鮮,小型底曳網・桁あみ,動力船３トン以上５トン未満,0,2017/10/16,6.6,5880,2,1000,800,891,,
閖上,カタクチイワシ累計,生鮮,船曳網・その他,動力船１０００トン以上,0,2017/10/13,244.8,101394,1,630,180,414,,
閖上,ヒラメ累計,生鮮,小型底曳網・桁あみ,動力船３トン以上５トン未満,0,2017/10/13,6,3400,3,600,400,567,,
閖上,カタクチイワシ累計,生鮮,船曳網・その他,動力船３トン以上５トン未満,0,2017/10/12,786.9,307642,2,619,30,391,,
閖上,カタクチイワシ累計,生鮮,船曳網・その他,動力船１０００トン以上,0,2017/10/12,879.6,287200,2,750,183,326,,
閖上,ヒラメ累計,生鮮,船曳網・その他,動力船１０００トン以上,0,2017/10/12,4.6,3220,1,700,700,700,,
閖上,ヒラメ累計,生鮮,小型底曳網・桁あみ,動力船３トン以上５トン未満,0,2017/10/12,1.8,684,1,380,380,380,,
閖上,ヒラメ累計,生鮮,小型底曳網・桁あみ,動力船３トン以上５トン未満,0,2017/10/11,12.1,6605,4,550,500,546,,
閖上,ヒラメ累計,活魚,小型底曳網・桁あみ,動力船３トン以上５トン未満,0,2017/10/11,2.9,2900,1,1000,1000,1000,,
閖上,カタクチイワシ累計,生鮮,船曳網・その他,動力船３トン以上５トン未満,0,2017/10/10,504.8,240605,2,630,176,477,,
閖上,カタクチイワシ累計,生鮮,船曳網・その他,動力船１０００トン以上,0,2017/10/10,1080.5,297644,2,750,176,276,,
閖上,ヒラメ累計,生鮮,小型底曳網・桁あみ,動力船３トン以上５トン未満,0,2017/10/20,25.2,17640,4,700,700,700,,
閖上,カタクチイワシ累計,生鮮,船曳網・その他,動力船３トン以上５トン未満,0,2017/10/19,64,18800,2,500,200,294,,
閖上,ヒラメ累計,生鮮,小型底曳網・桁あみ,動力船３トン以上５トン未満,0,2017/10/19,31,18600,5,600,600,600,,
閖上,ヒラメ累計,生鮮,小型底曳網・桁あみ,動力船３トン以上５トン未満,0,2017/10/18,15.5,9490,4,800,500,612,,
閖上,ヒラメ累計,生鮮,小型底曳網・桁あみ,動力船３トン以上５トン未満,0,2017/11/01,21.2,12390,5,610,480,584,,
閖上,ヒラメ累計,生鮮,小型底曳網・桁あみ,動力船３トン以上５トン未満,0,2017/11/22,14.2,7100,4,500,500,500,,
閖上,ヒラメ累計,生鮮,小型底曳網・桁あみ,動力船３トン以上５トン未満,0,2017/11/09,12.5,6870,4,600,300,550,,
閖上,カタクチイワシ累計,生鮮,船曳網・その他,動力船１０００トン以上,0,2017/11/08,61.6,36865,1,750,350,598,,
閖上,ヒラメ累計,生鮮,小型底曳網・桁あみ,動力船３トン以上５トン未満,0,2017/12/15,25.5,12099,7,600,100,474,,
閖上,ヒラメ累計,生鮮,小型底曳網・桁あみ,動力船３トン以上５トン未満,0,2017/11/21,9.5,3816,4,500,350,402,,
閖上,ヒラメ累計,生鮮,小型底曳網・桁あみ,動力船３トン以上５トン未満,0,2017/11/08,12.6,6792,3,600,120,539,,
閖上,ヒラメ累計,生鮮,小型底曳網・桁あみ,動力船３トン以上５トン未満,0,2017/10/30,5.2,3760,3,800,600,723,,
閖上,ヒラメ累計,生鮮,小型底曳網・桁あみ,動力船３トン以上５トン未満,0,2017/12/14,3.2,1712,2,610,510,535,,
閖上,カタクチイワシ累計,生鮮,船曳網・その他,動力船１０００トン以上,0,2017/11/13,55,33000,1,600,600,600,,
閖上,ヒラメ累計,生鮮,小型底曳網・桁あみ,動力船３トン以上５トン未満,0,2017/11/20,10.7,6602,3,700,400,617,,
閖上,カタクチイワシ累計,生鮮,船曳網・その他,動力船１０００トン以上,0,2017/11/06,208,43425,2,700,40,209,,
閖上,ヒラメ累計,生鮮,小型底曳網・桁あみ,動力船３トン以上５トン未満,0,2017/12/12,45,25050,9,600,500,557,,
閖上,ヒラメ累計,生鮮,小型底曳網・桁あみ,動力船３トン以上５トン未満,0,2017/11/15,14,5860,3,500,400,419,,
閖上,カタクチイワシ累計,生鮮,船曳網・その他,動力船１０００トン以上,0,2017/10/27,271.4,58325,1,890,186,215,,
閖上,スケトウダラ累計,生鮮,小型底曳網・板曳,動力船３トン以上５トン未満,0,2017/12/25,0.8,88,1,110,110,110,,
閖上,ヒラメ累計,生鮮,小型底曳網・桁あみ,動力船３トン以上５トン未満,0,2017/12/11,16.9,9142,5,600,360,541,,
閖上,ヒラメ累計,生鮮,小型底曳網・桁あみ,動力船３トン以上５トン未満,0,2017/11/06,66.2,33477,16,630,200,506,,
閖上,ヒラメ累計,生鮮,小型底曳網・桁あみ,動力船３トン以上５トン未満,0,2017/12/25,4.4,1980,1,450,450,450,,
閖上,ヒラメ累計,生鮮,小型底曳網・桁あみ,動力船３トン以上５トン未満,0,2017/11/17,9.9,4950,3,500,500,500,,
閖上,スズキ累計,生鮮,小型底曳網・桁あみ,動力船３トン以上５トン未満,0,2017/11/16,3.8,950,1,250,250,250,,
閖上,ヒラメ累計,生鮮,小型底曳網・桁あみ,動力船３トン以上５トン未満,0,2017/10/27,13.9,8225,5,600,550,592,,
閖上,カタクチイワシ累計,生鮮,船曳網・その他,動力船３トン以上５トン未満,0,2017/10/26,13,3850,1,700,150,296,,
閖上,カタクチイワシ累計,生鮮,船曳網・その他,動力船１０００トン以上,0,2017/10/26,341.3,94223,1,900,236,276,,
閖上,ヒラメ累計,生鮮,小型底曳網・桁あみ,動力船３トン以上５トン未満,0,2017/11/24,35.6,14600,8,550,200,410,,
閖上,ヒラメ累計,生鮮,小型底曳網・桁あみ,動力船３トン以上５トン未満,0,2017/11/16,43,22390,7,1000,300,521,,
閖上,ヒラメ累計,生鮮,小型底曳網・桁あみ,動力船３トン以上５トン未満,0,2017/12/08,15.1,8330,5,600,300,552,,
閖上,ヒラメ累計,生鮮,小型底曳網・桁あみ,動力船３トン以上５トン未満,0,2017/10/26,6.4,3585,3,600,450,560,,
閖上,ヒラメ累計,生鮮,小型底曳網・桁あみ,動力船３トン以上５トン未満,0,2017/12/22,27.5,14840,5,700,400,540,,
閖上,ヒラメ累計,生鮮,小型底曳網・桁あみ,動力船３トン以上５トン未満,0,2017/12/01,3.8,760,1,200,200,200,,
閖上,ヒラメ累計,生鮮,小型底曳網・桁あみ,動力船３トン以上５トン未満,0,2017/12/21,13.6,4970,3,500,200,365,,
閖上,ヒラメ累計,生鮮,小型底曳網・桁あみ,動力船３トン以上５トン未満,0,2017/12/07,5,3718,2,780,710,744,,
閖上,ヒラメ累計,生鮮,小型底曳網・桁あみ,動力船３トン以上５トン未満,0,2017/11/30,22.2,11760,5,800,500,530,,
閖上,ヒラメ累計,生鮮,小型底曳網・桁あみ,動力船３トン以上５トン未満,0,2017/11/13,56.4,26865,15,700,200,476,,
閖上,ヒラメ累計,生鮮,小型底曳網・桁あみ,動力船３トン以上５トン未満,0,2017/12/20,22.8,11444,5,600,380,502,,
閖上,ヒラメ累計,生鮮,小型底曳網・桁あみ,動力船１０００トン以上,0,2017/12/06,8.9,5244,1,659,429,589,,
閖上,ヒラメ累計,生鮮,小型底曳網・桁あみ,動力船３トン以上５トン未満,0,2017/12/06,3.8,1900,1,500,500,500,,
閖上,ヒラメ累計,生鮮,小型底曳網・桁あみ,動力船３トン以上５トン未満,0,2017/12/05,7.4,3700,2,500,500,500,,
閖上,ヒラメ累計,生鮮,小型底曳網・桁あみ,動力船３トン以上５トン未満,0,2017/11/29,4.7,2867,1,610,610,610,,
閖上,ヒラメ累計,生鮮,小型底曳網・桁あみ,動力船３トン以上５トン未満,0,2017/11/02,13,7900,2,700,500,608,,
閖上,カタクチイワシ累計,生鮮,船曳網・その他,動力船１０００トン以上,0,2017/11/01,8,4800,1,600,600,600,,
閖上,ヒラメ累計,生鮮,小型底曳網・桁あみ,動力船３トン以上５トン未満,0,2017/12/19,33.3,17746,8,600,100,533,,
閖上,ヒラメ累計,生鮮,小型底曳網・桁あみ,動力船３トン以上５トン未満,0,2017/11/28,10.6,5630,5,600,500,531,,
閖上,ヒラメ累計,生鮮,小型底曳網・桁あみ,動力船３トン以上５トン未満,0,2017/11/10,3.2,1632,1,510,510,510,,
閖上,ヒラメ累計,生鮮,小型底曳網・桁あみ,動力船３トン以上５トン未満,0,2017/12/18,13.6,6992,5,600,400,514,,
閖上,ヒラメ累計,生鮮,小型底曳網・桁あみ,動力船３トン以上５トン未満,0,2017/12/04,50.9,24327,11,600,230,478,,
閖上,ヒラメ累計,生鮮,小型底曳網・桁あみ,動力船３トン以上５トン未満,0,2017/03/02,2.7,2430,2,1000,700,900,,
閖上,ヒラメ累計,生鮮,小型底曳網・桁あみ,動力船３トン以上５トン未満,0,2017/01/17,5,5500,1,1100,1100,1100,,
閖上,ヒラメ累計,生鮮,小型底曳網・桁あみ,動力船３トン以上５トン未満,0,2017/03/01,5.9,2990,3,600,400,507,,
閖上,ヒラメ累計,生鮮,小型底曳網・桁あみ,動力船３トン以上５トン未満,0,2017/02/28,1.2,960,1,800,800,800,,
閖上,ヒラメ累計,生鮮,小型底曳網・桁あみ,動力船３トン以上５トン未満,0,2017/02/02,8,8000,1,1000,1000,1000,,
閖上,ヒラメ累計,生鮮,定置網・ます網つぼ網(小型定置),動力船３トン以上５トン未満,0,2017/02/01,1.8,1800,1,1000,1000,1000,,
閖上,ヒラメ累計,生鮮,小型底曳網・桁あみ,動力船３トン以上５トン未満,0,2017/02/01,2.5,2500,1,1000,1000,1000,,
閖上,ヒラメ累計,生鮮,小型底曳網・桁あみ,動力船３トン以上５トン未満,0,2017/02/27,13.1,9145,3,900,500,698,,
閖上,ヒラメ累計,生鮮,小型底曳網・桁あみ,動力船３トン以上５トン未満,0,2017/03/31,1,800,1,800,800,800,,
閖上,マダラ累計,生鮮,小型底曳網・桁あみ,動力船３トン以上５トン未満,0,2017/01/30,4.4,1126,1,256,256,256,,
閖上,スズキ累計,生鮮,小型底曳網・桁あみ,動力船３トン以上５トン未満,0,2017/01/13,6.5,3250,1,500,500,500,,
閖上,ヒラメ累計,生鮮,小型底曳網・桁あみ,動力船３トン以上５トン未満,0,2017/01/13,3.5,3850,1,1100,1100,1100,,
閖上,ヒラメ累計,生鮮,小型底曳網・桁あみ,動力船３トン以上５トン未満,0,2017/03/30,1,800,1,800,800,800,,
閖上,ヒラメ累計,生鮮,小型底曳網・桁あみ,動力船３トン以上５トン未満,0,2017/03/29,0.6,120,1,200,200,200,,
閖上,ヒラメ累計,生鮮,小型底曳網・桁あみ,動力船３トン以上５トン未満,0,2017/02/22,11.8,6540,5,800,400,554,,
閖上,ヒラメ累計,生鮮,小型底曳網・桁あみ,動力船３トン以上５トン未満,0,2017/01/30,3.6,3600,1,1000,1000,1000,,
閖上,ヒラメ累計,生鮮,小型底曳網・桁あみ,動力船３トン以上５トン未満,0,2017/03/27,10.4,10310,4,1000,900,991,,
閖上,ヒラメ累計,生鮮,小型底曳網・桁あみ,動力船３トン以上５トン未満,0,2017/02/20,21.8,12235,5,800,350,561,,
閖上,ヒラメ累計,生鮮,小型底曳網・桁あみ,動力船３トン以上５トン未満,0,2017/03/23,2.4,1500,2,800,200,625,,
閖上,ヒラメ累計,生鮮,小型底曳網・桁あみ,動力船３トン以上５トン未満,0,2017/02/17,6.3,5040,1,800,800,800,,
閖上,ヒラメ累計,生鮮,小型底曳網・桁あみ,動力船３トン以上５トン未満,0,2017/03/21,18.3,16847,5,1100,300,921,,
閖上,ヒラメ累計,生鮮,小型底曳網・桁あみ,動力船３トン以上５トン未満,0,2017/02/16,15,9570,4,800,350,638,,
閖上,ヒラメ累計,生鮮,小型底曳網・桁あみ,動力船３トン以上５トン未満,0,2017/03/17,4.7,5050,1,1500,700,1074,,
閖上,ヒラメ累計,生鮮,小型底曳網・桁あみ,動力船３トン以上５トン未満,0,2017/02/15,9.1,5206,3,1000,361,572,,
閖上,ヒラメ累計,生鮮,小型底曳網・桁あみ,動力船３トン以上５トン未満,0,2017/03/16,7.8,7640,3,1200,800,980,,
閖上,マダラ累計,生鮮,小型底曳網・桁あみ,動力船３トン以上５トン未満,0,2017/02/13,6.8,904,1,420,100,133,,
閖上,ヒラメ累計,生鮮,小型底曳網・桁あみ,動力船３トン以上５トン未満,0,2017/01/06,4.4,5280,1,1200,1200,1200,,
閖上,ヒラメ累計,生鮮,小型底曳網・桁あみ,動力船３トン以上５トン未満,0,2017/03/13,18.4,16942,5,1200,720,921,,
閖上,ヒラメ累計,生鮮,小型底曳網・桁あみ,動力船３トン以上５トン未満,0,2017/02/13,5.9,3920,1,980,600,664,,
閖上,ヒラメ累計,生鮮,小型底曳網・桁あみ,動力船３トン以上５トン未満,0,2017/01/05,6.8,8041,2,1320,1133,1182,,
閖上,ヒラメ累計,生鮮,小型底曳網・桁あみ,動力船３トン以上５トン未満,0,2017/03/10,6,4800,1,800,800,800,,
閖上,マダラ累計,生鮮,小型底曳網・桁あみ,動力船３トン以上５トン未満,0,2017/03/09,3.1,341,1,110,110,110,,
閖上,ヒラメ累計,生鮮,小型底曳網・桁あみ,動力船３トン以上５トン未満,0,2017/03/09,9.6,6180,3,700,550,644,,
閖上,マダラ累計,生鮮,小型底曳網・桁あみ,動力船３トン以上５トン未満,0,2017/03/08,5.5,550,1,100,100,100,,
閖上,ヒラメ累計,生鮮,小型底曳網・桁あみ,動力船３トン以上５トン未満,0,2017/03/08,5,4550,3,1050,750,910,,
閖上,マダラ累計,生鮮,小型底曳網・桁あみ,動力船３トン以上５トン未満,0,2017/02/08,3.4,510,1,150,150,150,,
閖上,ヒラメ累計,生鮮,小型底曳網・桁あみ,動力船３トン以上５トン未満,0,2017/02/08,12,9600,3,1000,600,800,,
閖上,ヒラメ累計,生鮮,小型底曳網・桁あみ,動力船３トン以上５トン未満,0,2017/01/20,1.5,1500,1,1000,1000,1000,,
閖上,ヒラメ累計,生鮮,北洋底曳網,動力船３トン以上５トン未満,0,2017/03/06,1,500,1,500,500,500,,
閖上,ヒラメ累計,生鮮,小型底曳網・桁あみ,動力船３トン以上５トン未満,0,2017/03/06,17.4,13475,4,1000,500,774,,
閖上,マダラ累計,生鮮,小型底曳網・桁あみ,動力船３トン以上５トン未満,0,2017/02/06,11.5,1952,2,200,160,170,,
閖上,スズキ累計,生鮮,小型底曳網・桁あみ,動力船３トン以上５トン未満,0,2017/01/19,3.5,1750,1,500,500,500,,
閖上,ヒラメ累計,生鮮,小型底曳網・桁あみ,動力船３トン以上５トン未満,0,2017/01/19,4,4400,2,1200,1000,1100,,
閖上,マダラ累計,生鮮,小型底曳網・桁あみ,動力船３トン以上５トン未満,0,2017/03/02,7.6,1900,1,250,250,250,,
閖上,ヒラメ累計,生鮮,小型底曳網・桁あみ,動力船３トン以上５トン未満,0,2017/02/06,13.4,10190,3,1000,500,760,,
閖上,ヒラメ累計,生鮮,小型底曳網・桁あみ,動力船３トン以上５トン未満,0,2017/01/18,2.3,2530,1,1100,1100,1100,,
